gebco/gebco_2022_n33.7802_s32.3273_w-119.5189_e-116.992.asc
ncols        607
nrows        348
xllcorner    -119.520833333333
yllcorner    32.329166666667
cellsize     0.004166666667
NODATA_value -32767
[rows 222 to 258 of 348, columns 164 to 245 of 607]
-1583 -1572 -1566 -1566 -1557 -1550 -1544 -1538 -1531 -1520 -1509 -1495 -1480 -1471 -1462 -1445 -1422 -1397 -1370 -1332 -1266 -1207 -1159 -1129 -1200 -1237 -1226 -1214 -1204 -1196 -1188 -1180 -1172 -1163 -1157 -1147 -1132 -1115 -1104 -1097 -1097 -1063 -977 -878 -795 -714 -670 -637 -616 -595 -569 -546 -534 -509 -495 -472 -519 -562 -575 -572 -556 -546 -494 -416 -408 -396 -385 -331 -275 -215 -155 -116 -100 -92 -84 -76 -68 -58 -45 -27 -15 11
-1581 -1572 -1563 -1555 -1553 -1553 -1552 -1548 -1542 -1533 -1520 -1506 -1493 -1483 -1474 -1455 -1429 -1403 -1374 -1334 -1281 -1226 -1172 -1150 -1217 -1246 -1237 -1222 -1209 -1199 -1191 -1185 -1178 -1171 -1162 -1152 -1139 -1131 -1121 -1122 -1126 -1085 -983 -891 -821 -747 -692 -655 -638 -621 -600 -581 -557 -527 -509 -491 -525 -568 -586 -590 -570 -548 -543 -480 -401 -389 -385 -378 -295 -217 -146 -120 -105 -93 -84 -78 -71 -63 -52 -40 -32 -25
-1578 -1564 -1554 -1547 -1541 -1535 -1539 -1541 -1543 -1539 -1532 -1522 -1509 -1495 -1485 -1467 -1443 -1415 -1380 -1339 -1290 -1235 -1189 -1155 -1217 -1248 -1238 -1223 -1210 -1203 -1197 -1192 -1185 -1176 -1166 -1156 -1147 -1141 -1143 -1143 -1147 -1118 -1037 -939 -853 -773 -717 -689 -677 -660 -634 -606 -582 -555 -529 -509 -568 -586 -602 -612 -587 -556 -545 -541 -400 -391 -380 -389 -302 -238 -181 -150 -122 -102 -89 -85 -80 -72 -62 -51 -45 -37
-1570 -1560 -1547 -1536 -1530 -1523 -1516 -1518 -1523 -1531 -1537 -1534 -1527 -1512 -1492 -1477 -1455 -1427 -1387 -1343 -1300 -1251 -1207 -1167 -1216 -1250 -1240 -1224 -1214 -1208 -1203 -1198 -1190 -1180 -1171 -1163 -1158 -1160 -1160 -1160 -1163 -1156 -1131 -1052 -902 -835 -780 -761 -750 -713 -678 -649 -627 -616 -590 -554 -638 -624 -632 -635 -601 -569 -550 -545 -489 -391 -385 -406 -300 -266 -214 -189 -144 -115 -102 -101 -94 -85 -77 -68 -59 -40
-1571 -1556 -1544 -1531 -1521 -1513 -1504 -1498 -1498 -1501 -1511 -1524 -1531 -1522 -1509 -1490 -1463 -1432 -1396 -1355 -1318 -1277 -1227 -1177 -1207 -1248 -1243 -1228 -1218 -1211 -1208 -1202 -1194 -1185 -1179 -1174 -1173 -1175 -1173 -1175 -1178 -1170 -1147 -1122 -1063 -995 -954 -920 -876 -826 -790 -754 -735 -718 -689 -656 -636 -675 -670 -651 -606 -573 -550 -541 -510 -418 -417 -435 -438 -380 -321 -279 -168 -129 -111 -103 -98 -95 -93 -90 -74 -56
-1566 -1560 -1546 -1529 -1516 -1507 -1496 -1486 -1479 -1474 -1474 -1484 -1503 -1521 -1515 -1501 -1471 -1437 -1404 -1366 -1327 -1280 -1228 -1180 -1196 -1249 -1248 -1233 -1222 -1215 -1211 -1205 -1199 -1195 -1188 -1184 -1185 -1187 -1185 -1186 -1188 -1185 -1162 -1134 -1106 -1071 -1028 -985 -943 -904 -868 -834 -800 -767 -741 -719 -698 -679 -695 -649 -612 -581 -557 -544 -542 -438 -439 -439 -433 -427 -351 -286 -211 -156 -114 -104 -101 -100 -99 -97 -86 -73
-1559 -1547 -1541 -1534 -1515 -1502 -1494 -1483 -1472 -1462 -1455 -1454 -1460 -1475 -1495 -1496 -1474 -1442 -1411 -1378 -1343 -1294 -1243 -1208 -1215 -1252 -1251 -1240 -1229 -1220 -1214 -1211 -1207 -1201 -1197 -1195 -1194 -1194 -1195 -1194 -1194 -1195 -1181 -1153 -1122 -1088 -1049 -1010 -970 -931 -894 -862 -832 -798 -770 -745 -719 -709 -714 -725 -619 -589 -564 -543 -532 -481 -440 -436 -435 -425 -339 -288 -235 -183 -138 -113 -106 -106 -103 -101 -98 -95
-1554 -1542 -1530 -1520 -1511 -1501 -1490 -1478 -1469 -1460 -1451 -1443 -1438 -1438 -1443 -1454 -1457 -1439 -1415 -1389 -1352 -1311 -1270 -1228 -1220 -1254 -1255 -1247 -1237 -1227 -1219 -1215 -1213 -1208 -1204 -1201 -1199 -1200 -1199 -1198 -1198 -1197 -1194 -1174 -1145 -1112 -1070 -1028 -993 -960 -926 -891 -857 -823 -795 -778 -786 -788 -756 -687 -668 -588 -565 -547 -533 -526 -480 -426 -424 -411 -303 -294 -260 -215 -163 -118 -110 -107 -105 -103 -101 -100
-1543 -1539 -1528 -1513 -1504 -1494 -1484 -1476 -1465 -1459 -1451 -1437 -1430 -1420 -1414 -1411 -1412 -1411 -1407 -1394 -1356 -1320 -1280 -1231 -1236 -1256 -1258 -1252 -1244 -1236 -1229 -1222 -1218 -1212 -1209 -1205 -1203 -1203 -1203 -1202 -1201 -1197 -1196 -1195 -1167 -1134 -1098 -1052 -1011 -978 -944 -909 -879 -847 -822 -837 -851 -810 -765 -700 -664 -601 -579 -561 -541 -523 -517 -460 -414 -410 -408 -355 -305 -258 -213 -172 -140 -118 -110 -110 -106 -104
-1532 -1523 -1515 -1508 -1498 -1487 -1477 -1471 -1464 -1453 -1445 -1437 -1422 -1413 -1400 -1389 -1381 -1379 -1380 -1379 -1352 -1317 -1281 -1241 -1248 -1258 -1258 -1256 -1252 -1249 -1242 -1234 -1227 -1219 -1213 -1208 -1206 -1204 -1204 -1204 -1201 -1197 -1194 -1191 -1186 -1160 -1117 -1069 -1025 -991 -961 -932 -917 -905 -897 -884 -819 -767 -745 -692 -662 -639 -596 -573 -546 -520 -509 -488 -406 -408 -410 -383 -343 -304 -265 -226 -167 -119 -109 -105 -105 -106
-1529 -1515 -1508 -1498 -1490 -1485 -1472 -1462 -1458 -1452 -1439 -1430 -1419 -1404 -1392 -1380 -1371 -1365 -1363 -1364 -1347 -1322 -1288 -1254 -1217 -1243 -1255 -1255 -1254 -1251 -1247 -1239 -1228 -1221 -1218 -1213 -1209 -1207 -1206 -1205 -1201 -1196 -1189 -1183 -1177 -1169 -1144 -1092 -1050 -1020 -988 -999 -978 -948 -898 -859 -794 -760 -731 -704 -678 -659 -640 -625 -552 -526 -512 -511 -408 -407 -409 -394 -364 -329 -293 -275 -195 -155 -133 -118 -113 -111
-1518 -1508 -1496 -1488 -1478 -1471 -1467 -1453 -1447 -1441 -1434 -1421 -1413 -1406 -1396 -1384 -1371 -1364 -1360 -1357 -1347 -1326 -1296 -1270 -1245 -1237 -1250 -1248 -1244 -1242 -1241 -1239 -1226 -1212 -1212 -1213 -1212 -1210 -1207 -1204 -1201 -1193 -1184 -1171 -1174 -1151 -1151 -1137 -1146 -1164 -1051 -981 -942 -907 -863 -824 -798 -769 -743 -724 -702 -682 -659 -631 -564 -540 -527 -525 -454 -410 -409 -400 -380 -340 -252 -233 -211 -187 -162 -137 -125 -112
-1511 -1501 -1492 -1481 -1470 -1460 -1456 -1445 -1437 -1430 -1422 -1414 -1403 -1394 -1386 -1378 -1370 -1363 -1358 -1356 -1352 -1346 -1329 -1304 -1273 -1235 -1220 -1254 -1247 -1236 -1227 -1223 -1216 -1206 -1200 -1203 -1210 -1212 -1209 -1204 -1198 -1191 -1183 -1171 -1168 -1147 -1156 -1160 -1133 -1074 -1026 -988 -949 -914 -884 -847 -814 -789 -763 -742 -719 -693 -667 -638 -584 -556 -536 -532 -471 -429 -405 -401 -401 -371 -186 -205 -234 -223 -204 -185 -149 -122
-1506 -1499 -1486 -1473 -1463 -1454 -1445 -1439 -1428 -1419 -1413 -1405 -1394 -1384 -1377 -1368 -1361 -1356 -1351 -1346 -1337 -1332 -1315 -1293 -1274 -1249 -1230 -1251 -1259 -1253 -1242 -1225 -1210 -1202 -1196 -1194 -1204 -1213 -1212 -1208 -1202 -1193 -1189 -1179 -1170 -1165 -1166 -1180 -1175 -1135 -1069 -1016 -974 -936 -903 -875 -845 -811 -780 -757 -734 -710 -656 -620 -587 -559 -541 -537 -489 -449 -419 -398 -401 -398 -316 -284 -274 -257 -229 -195 -157 -123
-1502 -1487 -1480 -1470 -1459 -1449 -1439 -1431 -1423 -1414 -1405 -1397 -1388 -1377 -1367 -1360 -1353 -1348 -1341 -1332 -1321 -1310 -1287 -1255 -1215 -1176 -1146 -1155 -1195 -1222 -1241 -1238 -1222 -1208 -1197 -1193 -1202 -1211 -1212 -1210 -1207 -1200 -1194 -1188 -1184 -1179 -1187 -1196 -1210 -1174 -1129 -1073 -1018 -971 -937 -906 -873 -837 -808 -786 -757 -707 -669 -632 -602 -579 -565 -560 -499 -461 -429 -401 -402 -393 -385 -347 -325 -304 -264 -227 -204 -197
-1494 -1485 -1472 -1466 -1456 -1447 -1439 -1429 -1420 -1413 -1404 -1394 -1384 -1372 -1361 -1350 -1343 -1337 -1330 -1319 -1302 -1275 -1238 -1197 -1156 -1123 -1078 -1094 -1119 -1162 -1203 -1224 -1219 -1204 -1196 -1193 -1200 -1209 -1211 -1212 -1210 -1204 -1200 -1196 -1189 -1190 -1198 -1207 -1219 -1215 -1182 -1129 -1081 -1025 -979 -940 -912 -875 -837 -805 -766 -737 -692 -653 -624 -605 -601 -558 -515 -476 -441 -401 -399 -389 -379 -371 -350 -320 -285 -251 -251 -259
-1482 -1475 -1469 -1457 -1450 -1441 -1435 -1430 -1419 -1412 -1404 -1392 -1382 -1368 -1355 -1344 -1335 -1326 -1317 -1304 -1286 -1256 -1217 -1176 -1132 -1095 -1069 -1040 -1072 -1110 -1152 -1196 -1217 -1211 -1200 -1195 -1197 -1205 -1210 -1212 -1211 -1208 -1206 -1204 -1195 -1197 -1208 -1217 -1224 -1229 -1235 -1234 -1152 -1079 -1025 -990 -935 -891 -853 -818 -787 -762 -737 -664 -630 -609 -605 -561 -520 -485 -457 -418 -398 -380 -378 -381 -375 -347 -333 -326 -312 -310
-1474 -1467 -1462 -1453 -1446 -1441 -1432 -1425 -1419 -1411 -1403 -1392 -1381 -1368 -1355 -1343 -1330 -1319 -1308 -1299 -1284 -1259 -1223 -1185 -1143 -1103 -1079 -1053 -1054 -1058 -1083 -1124 -1188 -1218 -1210 -1205 -1206 -1209 -1213 -1214 -1212 -1209 -1208 -1208 -1204 -1205 -1216 -1227 -1233 -1235 -1233 -1235 -1213 -1145 -1073 -1008 -959 -922 -883 -846 -814 -783 -743 -722 -634 -614 -609 -565 -517 -483 -456 -424 -400 -378 -380 -383 -384 -368 -358 -351 -339 -330
-1465 -1457 -1452 -1449 -1442 -1435 -1430 -1426 -1418 -1415 -1405 -1396 -1382 -1369 -1354 -1339 -1325 -1310 -1295 -1286 -1276 -1253 -1224 -1193 -1156 -1124 -1100 -1075 -1057 -1044 -1054 -1103 -1172 -1219 -1214 -1209 -1213 -1216 -1215 -1216 -1217 -1212 -1210 -1210 -1211 -1213 -1222 -1232 -1239 -1239 -1238 -1238 -1239 -1181 -1103 -965 -914 -941 -899 -854 -810 -771 -699 -674 -651 -638 -620 -577 -507 -478 -453 -428 -409 -405 -389 -389 -386 -383 -379 -375 -365 -358
-1454 -1451 -1444 -1440 -1436 -1431 -1426 -1424 -1418 -1413 -1409 -1397 -1385 -1370 -1354 -1338 -1319 -1297 -1270 -1241 -1222 -1219 -1209 -1191 -1164 -1140 -1115 -1092 -1069 -1051 -1050 -1096 -1161 -1216 -1211 -1204 -1211 -1216 -1216 -1218 -1219 -1216 -1213 -1212 -1216 -1221 -1230 -1238 -1240 -1242 -1242 -1242 -1250 -1207 -1155 -991 -938 -943 -912 -870 -821 -733 -704 -679 -654 -634 -625 -589 -532 -493 -460 -429 -406 -405 -397 -392 -398 -397 -391 -386 -377 -367
-1443 -1440 -1436 -1432 -1430 -1426 -1422 -1418 -1416 -1411 -1405 -1396 -1386 -1370 -1353 -1339 -1321 -1295 -1260 -1221 -1185 -1161 -1155 -1157 -1151 -1138 -1121 -1097 -1078 -1062 -1056 -1086 -1142 -1192 -1199 -1196 -1202 -1209 -1211 -1216 -1220 -1220 -1218 -1221 -1226 -1233 -1243 -1247 -1247 -1244 -1245 -1249 -1249 -1233 -1066 -1010 -954 -909 -868 -879 -841 -736 -703 -676 -650 -623 -609 -608 -540 -501 -465 -429 -405 -405 -400 -391 -393 -405 -402 -399 -392 -384
-1431 -1426 -1426 -1425 -1421 -1420 -1418 -1414 -1412 -1408 -1404 -1395 -1386 -1373 -1354 -1340 -1324 -1303 -1268 -1226 -1182 -1146 -1126 -1108 -1095 -1095 -1102 -1092 -1079 -1067 -1066 -1084 -1136 -1173 -1180 -1182 -1186 -1196 -1203 -1211 -1218 -1222 -1224 -1229 -1236 -1242 -1253 -1256 -1252 -1248 -1248 -1247 -1252 -1137 -1083 -1030 -974 -926 -883 -832 -782 -737 -701 -675 -649 -618 -598 -592 -518 -507 -472 -428 -405 -405 -403 -399 -399 -405 -411 -414 -405 -394
-1420 -1418 -1418 -1416 -1414 -1413 -1413 -1413 -1411 -1408 -1403 -1395 -1384 -1375 -1358 -1342 -1328 -1311 -1282 -1242 -1195 -1158 -1128 -1098 -1075 -1061 -1053 -1063 -1058 -1054 -1063 -1076 -1121 -1156 -1174 -1175 -1173 -1173 -1181 -1196 -1205 -1214 -1223 -1232 -1240 -1246 -1254 -1257 -1254 -1251 -1245 -1251 -1204 -1143 -1088 -1037 -987 -941 -897 -845 -791 -741 -702 -675 -651 -622 -599 -586 -573 -540 -487 -437 -409 -408 -406 -409 -425 -413 -422 -426 -415 -402
-1418 -1415 -1414 -1412 -1410 -1409 -1411 -1410 -1409 -1407 -1402 -1394 -1383 -1369 -1356 -1341 -1332 -1317 -1292 -1257 -1214 -1177 -1142 -1108 -1082 -1058 -1036 -1039 -1027 -1031 -1050 -1069 -1099 -1126 -1167 -1177 -1172 -1164 -1166 -1177 -1190 -1200 -1214 -1229 -1245 -1249 -1251 -1253 -1255 -1255 -1254 -1240 -1200 -1149 -1097 -1046 -1000 -961 -918 -863 -807 -754 -709 -677 -656 -630 -594 -558 -517 -472 -444 -432 -429 -435 -451 -475 -488 -475 -464 -425 -419 -415
-1419 -1416 -1412 -1411 -1412 -1411 -1410 -1409 -1407 -1405 -1400 -1392 -1381 -1368 -1354 -1341 -1329 -1319 -1299 -1268 -1230 -1197 -1163 -1127 -1100 -1067 -1036 -1030 -1015 -1013 -1035 -1058 -1075 -1088 -1135 -1170 -1169 -1158 -1153 -1161 -1182 -1193 -1205 -1224 -1249 -1251 -1251 -1253 -1253 -1252 -1248 -1231 -1195 -1153 -1107 -1058 -1013 -976 -938 -884 -823 -768 -722 -688 -666 -642 -606 -564 -528 -490 -458 -440 -436 -433 -437 -451 -462 -464 -466 -450 -408 -391
-1436 -1426 -1419 -1414 -1411 -1410 -1410 -1407 -1405 -1401 -1397 -1390 -1380 -1367 -1353 -1337 -1325 -1315 -1301 -1277 -1243 -1209 -1175 -1140 -1112 -1073 -1044 -1030 -1004 -1003 -1021 -1038 -1048 -1061 -1102 -1145 -1157 -1147 -1141 -1143 -1158 -1175 -1193 -1211 -1232 -1251 -1253 -1251 -1251 -1249 -1240 -1218 -1186 -1147 -1102 -1057 -1016 -981 -949 -902 -845 -788 -741 -704 -679 -656 -624 -585 -555 -521 -490 -471 -466 -460 -460 -471 -469 -447 -423 -404 -398 -396
-1470 -1458 -1444 -1432 -1421 -1414 -1410 -1408 -1402 -1399 -1395 -1387 -1377 -1365 -1350 -1336 -1323 -1312 -1299 -1282 -1254 -1218 -1178 -1146 -1120 -1084 -1048 -1030 -1002 -998 -1010 -1026 -1039 -1046 -1083 -1126 -1145 -1135 -1126 -1119 -1120 -1134 -1158 -1188 -1220 -1242 -1254 -1252 -1249 -1247 -1236 -1209 -1175 -1138 -1095 -1053 -1017 -989 -960 -920 -872 -817 -767 -727 -699 -675 -647 -621 -597 -566 -536 -518 -509 -497 -493 -499 -472 -413 -396 -422 -435 -415
-1490 -1488 -1483 -1469 -1450 -1433 -1422 -1410 -1404 -1398 -1391 -1384 -1377 -1364 -1349 -1334 -1321 -1310 -1298 -1284 -1262 -1230 -1183 -1153 -1128 -1098 -1066 -1034 -1015 -1009 -1013 -1021 -1036 -1043 -1069 -1100 -1123 -1122 -1112 -1101 -1096 -1101 -1118 -1172 -1195 -1222 -1248 -1253 -1249 -1244 -1232 -1202 -1164 -1129 -1096 -1063 -1029 -997 -970 -933 -891 -842 -792 -749 -714 -688 -667 -649 -628 -598 -570 -555 -543 -526 -517 -520 -509 -486 -482 -481 -467 -447
-1490 -1491 -1493 -1493 -1486 -1472 -1453 -1434 -1417 -1402 -1391 -1381 -1374 -1363 -1349 -1335 -1320 -1308 -1298 -1285 -1267 -1240 -1203 -1169 -1139 -1120 -1100 -1052 -1028 -1015 -1024 -1024 -1022 -1049 -1063 -1078 -1100 -1102 -1099 -1085 -1081 -1083 -1116 -1140 -1164 -1194 -1223 -1238 -1241 -1237 -1223 -1194 -1157 -1125 -1099 -1068 -1028 -994 -970 -940 -907 -869 -822 -777 -739 -711 -695 -681 -659 -630 -607 -595 -580 -558 -543 -542 -543 -537 -527 -511 -496 -483
-1493 -1493 -1492 -1492 -1492 -1494 -1494 -1485 -1458 -1430 -1408 -1393 -1379 -1366 -1350 -1336 -1321 -1308 -1296 -1283 -1270 -1248 -1218 -1180 -1152 -1178 -1161 -1078 -1047 -1025 -1034 -1034 -1029 -1061 -1069 -1073 -1090 -1088 -1085 -1081 -1074 -1073 -1086 -1108 -1131 -1158 -1186 -1202 -1207 -1203 -1195 -1176 -1146 -1119 -1096 -1070 -1037 -1007 -982 -952 -924 -894 -855 -811 -772 -740 -721 -708 -690 -669 -649 -634 -617 -593 -574 -566 -566 -562 -554 -541 -532 -528
-1481 -1487 -1490 -1490 -1490 -1490 -1494 -1501 -1504 -1492 -1468 -1445 -1423 -1402 -1377 -1348 -1327 -1312 -1296 -1282 -1270 -1239 -1222 -1194 -1169 -1189 -1176 -1161 -1117 -1067 -1075 -1073 -1043 -1050 -1084 -1080 -1080 -1078 -1076 -1078 -1065 -1066 -1073 -1087 -1103 -1122 -1146 -1165 -1170 -1162 -1153 -1148 -1137 -1122 -1101 -1076 -1045 -1016 -993 -967 -944 -916 -880 -841 -808 -777 -751 -734 -723 -712 -699 -677 -655 -635 -612 -601 -604 -607 -600 -589 -583 -588
-1445 -1459 -1470 -1479 -1484 -1484 -1484 -1493 -1504 -1508 -1504 -1496 -1487 -1471 -1447 -1399 -1353 -1321 -1304 -1288 -1274 -1246 -1221 -1212 -1196 -1182 -1169 -1166 -1167 -1161 -1154 -1123 -1062 -1068 -1102 -1089 -1080 -1076 -1077 -1071 -1066 -1068 -1077 -1090 -1099 -1104 -1117 -1133 -1137 -1129 -1118 -1116 -1120 -1115 -1099 -1072 -1038 -1009 -991 -980 -971 -953 -914 -865 -830 -799 -772 -754 -743 -735 -728 -715 -693 -672 -646 -632 -636 -647 -644 -634 -632 -641
-1400 -1414 -1429 -1444 -1459 -1470 -1475 -1480 -1489 -1500 -1502 -1505 -1508 -1507 -1513 -1483 -1408 -1353 -1318 -1295 -1276 -1253 -1229 -1208 -1189 -1177 -1165 -1160 -1159 -1161 -1169 -1176 -1117 -1091 -1122 -1106 -1094 -1086 -1080 -1069 -1058 -1056 -1063 -1079 -1094 -1100 -1103 -1107 -1101 -1082 -1060 -1053 -1061 -1074 -1071 -1055 -1031 -1012 -1002 -997 -993 -980 -946 -898 -857 -820 -790 -775 -766 -755 -748 -747 -739 -712 -681 -664 -672 -692 -694 -676 -664 -665
-1352 -1365 -1379 -1394 -1411 -1429 -1445 -1457 -1466 -1478 -1489 -1494 -1496 -1496 -1507 -1515 -1471 -1389 -1327 -1293 -1269 -1249 -1228 -1209 -1190 -1173 -1155 -1150 -1149 -1147 -1151 -1164 -1170 -1139 -1145 -1137 -1122 -1089 -1072 -1055 -1040 -1037 -1046 -1066 -1088 -1095 -1089 -1082 -1072 -1057 -1033 -1015 -1012 -1022 -1029 -1024 -1017 -1013 -1009 -1005 -1000 -986 -957 -913 -872 -841 -816 -798 -788 -775 -767 -768 -764 -744 -728 -721 -731 -755 -757 -726 -695 -682
-1315 -1327 -1337 -1350 -1364 -1379 -1397 -1416 -1433 -1446 -1460 -1475 -1482 -1488 -1493 -1505 -1512 -1473 -1381 -1319 -1281 -1248 -1223 -1209 -1188 -1165 -1148 -1142 -1143 -1144 -1148 -1155 -1159 -1163 -1158 -1150 -1142 -1126 -1053 -1039 -1023 -1019 -1027 -1045 -1061 -1063 -1054 -1044 -1033 -1017 -1000 -989 -980 -977 -982 -989 -994 -1000 -1003 -1004 -1000 -987 -958 -917 -882 -861 -848 -831 -815 -799 -796 -803 -797 -779 -766 -767 -792 -828 -838 -803 -759 -737
-1281 -1294 -1305 -1316 -1328 -1340 -1353 -1370 -1390 -1410 -1426 -1442 -1457 -1467 -1476 -1487 -1501 -1514 -1504 -1423 -1357 -1295 -1245 -1206 -1182 -1161 -1145 -1143 -1145 -1146 -1147 -1150 -1153 -1152 -1148 -1140 -1126 -1105 -1077 -1026 -1015 -1009 -1015 -1026 -1034 -1029 -1016 -1009 -1004 -987 -966 -957 -953 -948 -949 -957 -964 -974 -984 -996 -998 -988 -965 -931 -899 -881 -872 -867 -852 -830 -830 -847 -843 -824 -810 -809 -831 -862 -866 -821 -772 -758
-1248 -1260 -1272 -1284 -1297 -1309 -1320 -1333 -1348 -1367 -1387 -1405 -1421 -1436 -1449 -1459 -1470 -1484 -1494 -1493 -1462 -1413 -1350 -1282 -1221 -1176 -1149 -1142 -1142 -1143 -1142 -1138 -1132 -1124 -1115 -1101 -1081 -1062 -1047 -1038 -1021 -1007 -1005 -1011 -1009 -996 -982 -972 -964 -947 -927 -918 -915 -915 -921 -929 -936 -944 -957 -974 -984 -977 -961 -940 -922 -907 -892 -881 -876 -865 -857 -875 -887 -873 -855 -853 -876 -902 -889 -828 -775 -763
