gebco/gebco_2022_n33.7802_s32.3273_w-119.5189_e-116.992.asc
ncols        607
nrows        348
xllcorner    -119.520833333333
yllcorner    32.329166666667
cellsize     0.004166666667
NODATA_value -32767
[rows 37 to 73 of 348, columns 0 to 81 of 607]
-1902 -1901 -1902 -1902 -1902 -1901 -1902 -1902 -1902 -1901 -1901 -1901 -1901 -1901 -1900 -1899 -1898 -1883 -1853 -1814 -1749 -1678 -1628 -1604 -1598 -1603 -1613 -1617 -1611 -1599 -1584 -1562 -1528 -1487 -1457 -1442 -1425 -1394 -1357 -1321 -1285 -1223 -1164 -1126 -1100 -1054 -1018 -983 -947 -904 -857 -816 -782 -753 -730 -703 -679 -655 -610 -571 -563 -568 -585 -601 -599 -588 -574 -551 -524 -509 -501 -498 -491 -483 -472 -458 -445 -433 -422 -409 -393 -370
-1901 -1901 -1901 -1900 -1900 -1900 -1901 -1901 -1900 -1900 -1899 -1899 -1898 -1898 -1898 -1897 -1896 -1889 -1860 -1828 -1784 -1710 -1638 -1601 -1585 -1582 -1588 -1596 -1597 -1594 -1588 -1575 -1547 -1519 -1492 -1463 -1432 -1401 -1364 -1329 -1300 -1264 -1212 -1181 -1154 -1119 -1078 -1039 -1001 -956 -905 -854 -802 -761 -736 -705 -685 -666 -629 -601 -618 -641 -647 -628 -601 -586 -564 -547 -533 -513 -502 -496 -490 -482 -471 -458 -446 -436 -424 -408 -392 -373
-1900 -1900 -1900 -1899 -1898 -1898 -1898 -1898 -1898 -1898 -1897 -1896 -1895 -1894 -1894 -1894 -1894 -1891 -1875 -1842 -1797 -1744 -1689 -1633 -1588 -1578 -1584 -1596 -1602 -1599 -1595 -1588 -1571 -1550 -1517 -1479 -1449 -1422 -1382 -1343 -1307 -1279 -1245 -1216 -1191 -1161 -1126 -1105 -1077 -1032 -984 -937 -879 -814 -787 -755 -733 -723 -718 -713 -718 -713 -682 -634 -598 -584 -567 -552 -537 -528 -506 -494 -486 -476 -465 -454 -443 -432 -417 -402 -389 -374
-1898 -1898 -1898 -1897 -1896 -1895 -1895 -1895 -1896 -1896 -1895 -1892 -1891 -1891 -1891 -1891 -1891 -1891 -1881 -1858 -1827 -1790 -1731 -1652 -1597 -1601 -1622 -1632 -1624 -1615 -1608 -1599 -1583 -1558 -1524 -1495 -1471 -1439 -1396 -1355 -1317 -1282 -1251 -1225 -1205 -1189 -1173 -1164 -1141 -1106 -1076 -1039 -982 -927 -882 -849 -826 -820 -805 -777 -720 -662 -616 -576 -554 -555 -552 -544 -535 -521 -503 -490 -482 -470 -460 -450 -439 -427 -415 -404 -393 -378
-1896 -1897 -1897 -1897 -1896 -1894 -1893 -1893 -1893 -1893 -1892 -1890 -1888 -1887 -1887 -1888 -1888 -1888 -1884 -1865 -1828 -1786 -1727 -1664 -1653 -1672 -1653 -1634 -1633 -1621 -1604 -1594 -1585 -1561 -1520 -1477 -1446 -1424 -1398 -1363 -1327 -1290 -1251 -1235 -1234 -1233 -1220 -1199 -1174 -1150 -1128 -1102 -1068 -1033 -997 -963 -894 -853 -800 -732 -654 -595 -553 -515 -493 -497 -501 -505 -514 -514 -505 -495 -480 -466 -454 -444 -437 -429 -418 -407 -395 -385
-1886 -1894 -1896 -1895 -1895 -1893 -1891 -1890 -1889 -1888 -1888 -1886 -1884 -1883 -1884 -1883 -1883 -1883 -1883 -1872 -1840 -1787 -1740 -1725 -1720 -1692 -1627 -1593 -1597 -1607 -1592 -1578 -1569 -1556 -1522 -1476 -1435 -1403 -1380 -1361 -1334 -1292 -1253 -1259 -1276 -1261 -1235 -1207 -1185 -1170 -1153 -1135 -1108 -1072 -1041 -981 -883 -812 -749 -690 -637 -592 -547 -503 -472 -460 -455 -458 -475 -495 -498 -478 -467 -459 -450 -441 -433 -426 -418 -408 -400 -394
-1875 -1886 -1892 -1893 -1893 -1893 -1892 -1890 -1888 -1885 -1883 -1882 -1881 -1880 -1879 -1878 -1879 -1880 -1879 -1871 -1841 -1810 -1791 -1764 -1715 -1654 -1594 -1573 -1573 -1582 -1582 -1569 -1551 -1537 -1515 -1481 -1442 -1404 -1369 -1340 -1311 -1287 -1287 -1304 -1308 -1299 -1267 -1221 -1182 -1164 -1153 -1126 -1086 -1042 -1001 -962 -898 -833 -772 -711 -652 -607 -564 -515 -473 -445 -428 -423 -421 -426 -436 -436 -434 -436 -437 -435 -432 -428 -422 -414 -407 -401
-1868 -1880 -1882 -1884 -1887 -1889 -1890 -1889 -1886 -1883 -1881 -1880 -1878 -1877 -1875 -1874 -1875 -1875 -1874 -1869 -1853 -1825 -1789 -1752 -1704 -1635 -1584 -1562 -1557 -1560 -1564 -1560 -1545 -1523 -1503 -1483 -1454 -1418 -1385 -1368 -1360 -1357 -1340 -1336 -1322 -1309 -1294 -1268 -1231 -1190 -1148 -1109 -1075 -1042 -1004 -955 -878 -811 -760 -711 -661 -613 -563 -517 -481 -451 -425 -412 -407 -404 -402 -407 -413 -420 -426 -431 -432 -431 -428 -423 -418 -415
-1861 -1871 -1875 -1877 -1881 -1885 -1886 -1885 -1883 -1880 -1878 -1877 -1876 -1873 -1871 -1870 -1869 -1871 -1869 -1864 -1846 -1811 -1756 -1696 -1645 -1598 -1565 -1546 -1540 -1540 -1545 -1536 -1530 -1515 -1493 -1471 -1447 -1425 -1420 -1431 -1404 -1375 -1356 -1324 -1268 -1244 -1240 -1232 -1207 -1170 -1130 -1092 -1054 -1017 -977 -913 -843 -768 -707 -661 -624 -599 -569 -527 -488 -457 -435 -415 -402 -396 -394 -399 -408 -415 -421 -426 -430 -434 -436 -435 -434 -432
-1857 -1867 -1869 -1872 -1876 -1880 -1882 -1882 -1881 -1878 -1876 -1873 -1871 -1869 -1868 -1865 -1863 -1864 -1864 -1859 -1842 -1806 -1761 -1712 -1650 -1585 -1546 -1526 -1518 -1517 -1518 -1514 -1504 -1494 -1481 -1462 -1444 -1441 -1456 -1447 -1408 -1374 -1353 -1312 -1242 -1192 -1167 -1156 -1147 -1128 -1094 -1056 -1021 -989 -945 -879 -814 -752 -697 -650 -610 -581 -558 -527 -487 -455 -437 -424 -410 -398 -393 -399 -408 -417 -424 -425 -430 -440 -447 -450 -451 -450
-1857 -1861 -1864 -1869 -1872 -1876 -1879 -1879 -1878 -1875 -1873 -1869 -1866 -1864 -1864 -1861 -1858 -1856 -1859 -1855 -1841 -1811 -1767 -1714 -1649 -1576 -1531 -1509 -1497 -1494 -1492 -1490 -1482 -1473 -1463 -1451 -1447 -1465 -1482 -1460 -1424 -1392 -1368 -1342 -1281 -1214 -1164 -1129 -1105 -1085 -1061 -1032 -997 -964 -920 -868 -817 -771 -720 -674 -624 -580 -544 -509 -473 -443 -427 -422 -418 -410 -402 -403 -409 -419 -429 -430 -435 -448 -457 -462 -462 -462
-1850 -1853 -1858 -1863 -1867 -1871 -1875 -1876 -1876 -1874 -1871 -1867 -1863 -1859 -1857 -1856 -1852 -1850 -1852 -1850 -1838 -1808 -1758 -1695 -1627 -1568 -1524 -1500 -1483 -1474 -1470 -1466 -1461 -1455 -1448 -1444 -1460 -1495 -1501 -1470 -1448 -1419 -1389 -1364 -1332 -1273 -1211 -1154 -1110 -1080 -1054 -1027 -991 -956 -913 -877 -840 -801 -749 -706 -653 -593 -542 -505 -478 -450 -423 -412 -419 -422 -419 -412 -416 -424 -436 -444 -450 -458 -466 -469 -470 -470
-1842 -1845 -1849 -1853 -1858 -1863 -1868 -1872 -1873 -1872 -1869 -1867 -1863 -1859 -1854 -1851 -1848 -1846 -1846 -1844 -1835 -1809 -1769 -1724 -1675 -1621 -1563 -1508 -1480 -1464 -1454 -1448 -1445 -1443 -1440 -1445 -1482 -1529 -1526 -1503 -1470 -1437 -1405 -1381 -1364 -1328 -1271 -1207 -1159 -1122 -1086 -1049 -1006 -972 -936 -891 -862 -831 -790 -750 -690 -623 -561 -515 -487 -467 -445 -412 -411 -423 -428 -426 -431 -439 -450 -461 -468 -473 -476 -476 -474 -472
-1836 -1839 -1841 -1844 -1847 -1850 -1859 -1867 -1869 -1869 -1866 -1864 -1862 -1859 -1855 -1851 -1845 -1842 -1840 -1840 -1834 -1815 -1781 -1733 -1680 -1624 -1563 -1513 -1482 -1463 -1448 -1441 -1439 -1438 -1439 -1468 -1527 -1564 -1543 -1510 -1486 -1449 -1429 -1414 -1400 -1379 -1319 -1264 -1222 -1181 -1137 -1093 -1047 -1000 -958 -921 -876 -842 -804 -769 -723 -673 -607 -541 -499 -475 -455 -424 -401 -408 -424 -439 -446 -453 -464 -474 -479 -481 -480 -476 -473 -471
-1827 -1830 -1834 -1834 -1840 -1843 -1849 -1856 -1859 -1861 -1864 -1862 -1859 -1857 -1854 -1850 -1846 -1841 -1838 -1836 -1832 -1820 -1787 -1742 -1712 -1681 -1594 -1536 -1511 -1482 -1458 -1446 -1440 -1439 -1446 -1513 -1589 -1582 -1544 -1546 -1542 -1525 -1491 -1476 -1451 -1429 -1395 -1328 -1263 -1211 -1164 -1123 -1074 -1017 -983 -955 -889 -843 -803 -766 -719 -685 -636 -565 -505 -469 -443 -412 -396 -391 -390 -400 -414 -430 -451 -468 -476 -478 -477 -474 -472 -470
-1814 -1817 -1822 -1822 -1829 -1834 -1837 -1840 -1846 -1850 -1854 -1860 -1858 -1856 -1853 -1850 -1844 -1841 -1839 -1835 -1830 -1821 -1803 -1779 -1745 -1691 -1639 -1623 -1596 -1540 -1495 -1470 -1457 -1452 -1468 -1546 -1617 -1601 -1574 -1586 -1594 -1604 -1600 -1575 -1549 -1516 -1478 -1402 -1311 -1240 -1191 -1149 -1100 -1037 -1002 -973 -911 -856 -806 -765 -730 -702 -663 -596 -520 -470 -441 -402 -371 -362 -346 -338 -335 -343 -364 -397 -434 -461 -472 -473 -472 -471
-1802 -1809 -1815 -1819 -1823 -1827 -1830 -1832 -1835 -1839 -1846 -1853 -1855 -1853 -1848 -1844 -1841 -1837 -1835 -1832 -1829 -1824 -1813 -1792 -1764 -1735 -1719 -1690 -1645 -1593 -1549 -1517 -1501 -1496 -1512 -1578 -1642 -1641 -1627 -1633 -1645 -1652 -1658 -1654 -1651 -1632 -1588 -1515 -1407 -1313 -1258 -1207 -1143 -1081 -1030 -979 -918 -857 -809 -767 -735 -702 -661 -616 -559 -489 -436 -395 -365 -341 -318 -294 -285 -285 -287 -304 -340 -384 -427 -459 -469 -470
-1793 -1801 -1805 -1808 -1811 -1815 -1820 -1825 -1829 -1835 -1841 -1846 -1850 -1849 -1847 -1840 -1835 -1832 -1830 -1826 -1825 -1824 -1821 -1809 -1788 -1766 -1738 -1715 -1709 -1666 -1624 -1602 -1580 -1572 -1584 -1621 -1662 -1678 -1676 -1674 -1676 -1681 -1687 -1688 -1686 -1680 -1665 -1638 -1579 -1469 -1369 -1334 -1287 -1203 -1111 -1027 -946 -879 -830 -789 -754 -719 -665 -606 -565 -517 -443 -389 -361 -336 -312 -286 -264 -245 -234 -239 -260 -283 -318 -383 -444 -465
-1776 -1784 -1784 -1785 -1790 -1798 -1808 -1816 -1823 -1828 -1834 -1840 -1843 -1841 -1840 -1838 -1833 -1829 -1824 -1820 -1817 -1818 -1820 -1817 -1808 -1796 -1783 -1771 -1750 -1721 -1704 -1695 -1671 -1657 -1666 -1679 -1689 -1702 -1705 -1703 -1703 -1702 -1702 -1703 -1702 -1699 -1692 -1683 -1665 -1612 -1537 -1484 -1434 -1346 -1212 -1102 -997 -921 -867 -825 -786 -749 -700 -635 -577 -537 -485 -420 -373 -338 -313 -288 -267 -242 -223 -217 -224 -236 -251 -290 -365 -440
-1761 -1763 -1764 -1770 -1779 -1790 -1800 -1808 -1815 -1823 -1830 -1835 -1836 -1833 -1831 -1832 -1831 -1826 -1819 -1814 -1812 -1810 -1811 -1810 -1805 -1801 -1799 -1798 -1787 -1774 -1761 -1754 -1741 -1729 -1724 -1724 -1723 -1720 -1720 -1718 -1717 -1715 -1712 -1711 -1709 -1706 -1701 -1695 -1687 -1672 -1640 -1597 -1549 -1456 -1326 -1193 -1056 -965 -908 -869 -825 -774 -720 -660 -594 -540 -506 -454 -404 -357 -321 -296 -275 -252 -236 -227 -226 -229 -235 -253 -296 -382
-1744 -1745 -1752 -1760 -1770 -1779 -1788 -1799 -1813 -1823 -1827 -1829 -1829 -1827 -1825 -1823 -1822 -1823 -1816 -1809 -1805 -1803 -1803 -1803 -1802 -1796 -1789 -1786 -1785 -1784 -1789 -1780 -1765 -1754 -1747 -1742 -1738 -1733 -1730 -1727 -1724 -1721 -1718 -1716 -1713 -1710 -1706 -1700 -1694 -1686 -1673 -1652 -1621 -1557 -1431 -1293 -1136 -1019 -953 -897 -832 -762 -701 -646 -589 -542 -512 -464 -424 -384 -342 -315 -294 -274 -258 -247 -239 -236 -239 -251 -278 -332
-1727 -1731 -1738 -1747 -1754 -1763 -1778 -1794 -1807 -1818 -1822 -1823 -1823 -1823 -1821 -1817 -1814 -1815 -1813 -1806 -1799 -1797 -1796 -1795 -1796 -1796 -1790 -1779 -1773 -1769 -1778 -1779 -1764 -1752 -1745 -1739 -1733 -1730 -1727 -1725 -1724 -1721 -1719 -1717 -1714 -1711 -1708 -1703 -1696 -1691 -1685 -1671 -1651 -1617 -1501 -1377 -1236 -1083 -989 -914 -835 -760 -697 -636 -579 -538 -510 -471 -436 -402 -364 -338 -318 -304 -289 -279 -268 -256 -255 -265 -286 -325
-1710 -1710 -1711 -1725 -1735 -1747 -1761 -1775 -1787 -1797 -1809 -1814 -1816 -1816 -1816 -1812 -1809 -1807 -1804 -1799 -1795 -1792 -1790 -1788 -1787 -1784 -1781 -1777 -1773 -1767 -1764 -1771 -1763 -1751 -1742 -1734 -1728 -1725 -1723 -1722 -1722 -1720 -1718 -1716 -1713 -1711 -1708 -1703 -1697 -1692 -1689 -1685 -1672 -1643 -1578 -1435 -1296 -1141 -1035 -962 -894 -824 -752 -680 -610 -554 -518 -487 -454 -419 -384 -354 -335 -332 -336 -338 -330 -314 -304 -306 -316 -335
-1686 -1669 -1680 -1697 -1707 -1718 -1735 -1752 -1765 -1778 -1796 -1802 -1806 -1809 -1810 -1810 -1806 -1802 -1799 -1794 -1790 -1786 -1783 -1781 -1778 -1777 -1775 -1773 -1769 -1766 -1762 -1761 -1762 -1757 -1744 -1734 -1726 -1722 -1720 -1719 -1718 -1717 -1716 -1715 -1713 -1710 -1707 -1703 -1699 -1694 -1690 -1686 -1676 -1658 -1633 -1572 -1409 -1270 -1133 -1029 -951 -890 -819 -737 -658 -593 -548 -521 -495 -459 -412 -388 -377 -388 -407 -418 -414 -392 -366 -353 -354 -361
-1649 -1635 -1653 -1659 -1670 -1690 -1712 -1730 -1748 -1766 -1777 -1779 -1786 -1794 -1793 -1794 -1797 -1797 -1795 -1790 -1784 -1779 -1777 -1775 -1772 -1769 -1766 -1765 -1764 -1761 -1760 -1754 -1746 -1742 -1742 -1738 -1728 -1719 -1714 -1714 -1714 -1713 -1714 -1713 -1712 -1709 -1705 -1702 -1699 -1693 -1685 -1681 -1676 -1666 -1643 -1614 -1554 -1451 -1337 -1198 -1073 -977 -901 -827 -752 -679 -617 -574 -544 -520 -488 -482 -482 -485 -490 -488 -481 -470 -447 -416 -400 -401
-1612 -1613 -1619 -1620 -1648 -1664 -1677 -1702 -1728 -1742 -1745 -1754 -1768 -1768 -1768 -1775 -1782 -1786 -1786 -1782 -1775 -1772 -1772 -1771 -1768 -1764 -1759 -1757 -1756 -1756 -1754 -1750 -1742 -1733 -1728 -1730 -1728 -1718 -1710 -1708 -1709 -1709 -1710 -1709 -1709 -1706 -1703 -1699 -1696 -1691 -1684 -1679 -1674 -1665 -1649 -1626 -1593 -1537 -1443 -1332 -1224 -1126 -1031 -946 -876 -805 -731 -664 -620 -596 -571 -568 -577 -590 -595 -587 -571 -550 -526 -496 -466 -451
-1570 -1585 -1572 -1590 -1622 -1634 -1655 -1683 -1696 -1702 -1716 -1737 -1735 -1737 -1739 -1754 -1758 -1764 -1765 -1764 -1762 -1763 -1765 -1766 -1764 -1758 -1752 -1750 -1751 -1749 -1746 -1742 -1737 -1729 -1722 -1720 -1722 -1722 -1712 -1701 -1701 -1705 -1702 -1704 -1703 -1701 -1699 -1695 -1690 -1686 -1681 -1677 -1672 -1665 -1652 -1632 -1606 -1518 -1377 -1255 -1163 -1103 -1055 -1005 -956 -906 -858 -810 -763 -705 -656 -645 -638 -635 -633 -630 -624 -616 -608 -594 -572 -551
-1528 -1549 -1530 -1561 -1592 -1614 -1626 -1631 -1640 -1665 -1698 -1702 -1695 -1703 -1713 -1722 -1722 -1733 -1737 -1744 -1749 -1750 -1751 -1755 -1756 -1748 -1742 -1742 -1742 -1743 -1740 -1737 -1733 -1727 -1721 -1716 -1713 -1714 -1715 -1701 -1693 -1698 -1697 -1698 -1696 -1695 -1692 -1688 -1685 -1681 -1677 -1674 -1671 -1666 -1656 -1638 -1617 -1559 -1410 -1274 -1160 -1064 -994 -955 -935 -909 -873 -842 -808 -747 -692 -662 -651 -642 -636 -626 -617 -613 -615 -622 -625 -622
-1500 -1501 -1495 -1533 -1560 -1579 -1574 -1571 -1597 -1640 -1668 -1653 -1648 -1660 -1679 -1682 -1692 -1697 -1708 -1726 -1731 -1729 -1731 -1738 -1741 -1734 -1727 -1729 -1728 -1729 -1728 -1728 -1727 -1722 -1716 -1711 -1706 -1704 -1708 -1706 -1684 -1689 -1692 -1693 -1691 -1688 -1686 -1683 -1680 -1676 -1672 -1670 -1669 -1666 -1660 -1649 -1631 -1593 -1474 -1336 -1212 -1097 -1000 -929 -882 -843 -798 -757 -723 -664 -614 -596 -590 -586 -584 -571 -556 -545 -543 -557 -573 -592
-1454 -1450 -1476 -1510 -1516 -1535 -1535 -1543 -1579 -1618 -1630 -1603 -1605 -1627 -1643 -1648 -1655 -1668 -1692 -1706 -1708 -1704 -1707 -1717 -1718 -1712 -1704 -1706 -1706 -1711 -1713 -1713 -1714 -1712 -1707 -1703 -1699 -1695 -1697 -1700 -1682 -1681 -1683 -1684 -1684 -1683 -1680 -1677 -1673 -1670 -1667 -1667 -1667 -1665 -1663 -1659 -1647 -1617 -1505 -1347 -1198 -1076 -983 -906 -845 -805 -760 -710 -675 -613 -553 -531 -516 -513 -515 -511 -498 -478 -463 -461 -473 -502
-1395 -1420 -1462 -1457 -1472 -1494 -1498 -1519 -1556 -1579 -1577 -1561 -1584 -1596 -1594 -1608 -1634 -1658 -1681 -1682 -1681 -1683 -1687 -1695 -1694 -1690 -1683 -1685 -1687 -1692 -1696 -1702 -1702 -1700 -1699 -1698 -1694 -1689 -1687 -1692 -1686 -1672 -1673 -1673 -1671 -1669 -1670 -1668 -1664 -1662 -1662 -1664 -1665 -1665 -1665 -1665 -1662 -1625 -1492 -1328 -1168 -1042 -955 -882 -819 -777 -732 -663 -608 -557 -499 -460 -441 -435 -452 -474 -480 -465 -438 -416 -413 -431
-1345 -1407 -1404 -1414 -1447 -1452 -1467 -1496 -1518 -1522 -1522 -1538 -1557 -1550 -1563 -1597 -1621 -1642 -1657 -1654 -1656 -1662 -1664 -1669 -1672 -1670 -1663 -1669 -1674 -1675 -1676 -1682 -1687 -1681 -1679 -1686 -1688 -1682 -1681 -1683 -1689 -1664 -1663 -1662 -1660 -1661 -1660 -1658 -1656 -1655 -1657 -1661 -1663 -1664 -1667 -1672 -1674 -1645 -1494 -1350 -1176 -1031 -941 -873 -805 -747 -702 -634 -574 -534 -475 -417 -374 -351 -360 -404 -447 -458 -441 -413 -396 -401
-1324 -1348 -1359 -1399 -1417 -1410 -1436 -1458 -1456 -1465 -1488 -1514 -1506 -1524 -1562 -1581 -1597 -1631 -1621 -1623 -1633 -1637 -1640 -1643 -1648 -1649 -1647 -1658 -1658 -1659 -1663 -1665 -1664 -1663 -1667 -1672 -1673 -1673 -1669 -1669 -1687 -1665 -1653 -1649 -1643 -1638 -1643 -1648 -1648 -1648 -1652 -1657 -1659 -1661 -1667 -1678 -1687 -1671 -1520 -1358 -1178 -1033 -939 -872 -803 -729 -666 -608 -560 -531 -474 -422 -376 -331 -300 -316 -375 -426 -436 -421 -406 -401
-1268 -1258 -1307 -1356 -1354 -1373 -1387 -1387 -1401 -1431 -1453 -1462 -1486 -1524 -1538 -1555 -1590 -1589 -1580 -1595 -1610 -1615 -1619 -1621 -1624 -1626 -1627 -1634 -1637 -1637 -1645 -1649 -1645 -1647 -1656 -1665 -1669 -1668 -1663 -1657 -1662 -1678 -1660 -1641 -1635 -1633 -1635 -1635 -1635 -1639 -1645 -1651 -1655 -1658 -1667 -1685 -1699 -1694 -1590 -1422 -1247 -1085 -963 -882 -804 -716 -653 -595 -540 -517 -469 -413 -363 -323 -295 -280 -303 -356 -402 -425 -438 -439
-1185 -1205 -1264 -1282 -1290 -1321 -1341 -1346 -1355 -1375 -1402 -1442 -1483 -1493 -1522 -1551 -1557 -1543 -1548 -1569 -1580 -1587 -1594 -1599 -1598 -1596 -1599 -1603 -1610 -1612 -1616 -1615 -1620 -1626 -1633 -1640 -1648 -1656 -1653 -1649 -1644 -1661 -1667 -1667 -1659 -1645 -1635 -1629 -1627 -1632 -1641 -1648 -1652 -1657 -1667 -1692 -1703 -1704 -1670 -1539 -1372 -1186 -1021 -910 -828 -744 -673 -608 -539 -515 -470 -407 -349 -313 -285 -265 -263 -285 -327 -374 -414 -446
-1128 -1173 -1180 -1200 -1235 -1278 -1299 -1298 -1306 -1337 -1380 -1423 -1444 -1476 -1500 -1495 -1501 -1501 -1520 -1539 -1543 -1543 -1549 -1560 -1568 -1568 -1567 -1576 -1584 -1584 -1585 -1588 -1598 -1607 -1614 -1622 -1629 -1630 -1631 -1632 -1632 -1633 -1637 -1648 -1654 -1647 -1638 -1626 -1621 -1627 -1634 -1638 -1641 -1651 -1664 -1691 -1705 -1706 -1701 -1632 -1474 -1275 -1088 -955 -874 -803 -721 -642 -565 -537 -486 -417 -358 -326 -305 -279 -260 -258 -276 -307 -344 -387
-1100 -1112 -1131 -1162 -1212 -1247 -1248 -1259 -1298 -1339 -1368 -1378 -1383 -1450 -1442 -1455 -1445 -1450 -1470 -1498 -1502 -1490 -1488 -1505 -1530 -1532 -1537 -1547 -1546 -1559 -1563 -1571 -1582 -1593 -1600 -1603 -1608 -1616 -1617 -1616 -1620 -1620 -1621 -1628 -1639 -1642 -1633 -1619 -1615 -1620 -1625 -1632 -1640 -1649 -1660 -1682 -1704 -1707 -1707 -1684 -1552 -1354 -1159 -1012 -923 -848 -753 -673 -605 -542 -484 -436 -376 -344 -325 -300 -276 -265 -269 -284 -309 -334
