gebco/gebco_2022_n33.7802_s32.3273_w-119.5189_e-116.992.asc
ncols        607
nrows        348
xllcorner    -119.520833333333
yllcorner    32.329166666667
cellsize     0.004166666667
NODATA_value -32767
[rows 148 to 184 of 348, columns 82 to 163 of 607]
-1625 -1611 -1635 -1629 -1649 -1640 -1669 -1647 -1646 -1658 -1648 -1640 -1567 -1584 -1548 -1540 -1554 -1547 -1528 -1524 -1529 -1526 -1527 -1527 -1522 -1516 -1502 -1495 -1497 -1478 -1468 -1451 -1428 -1447 -1421 -1394 -1377 -1372 -1361 -1349 -1337 -1325 -1312 -1292 -1263 -1233 -1245 -1208 -1183 -1166 -1147 -1131 -1121 -1108 -1098 -1073 -1048 -1002 -964 -946 -913 -894 -875 -874 -1113 -1176 -1215 -1223 -1201 -1190 -1193 -1189 -1186 -1199 -1221 -1234 -1226 -1189 -1185 -1141 -1104 -1059
-1676 -1669 -1696 -1697 -1706 -1706 -1709 -1694 -1709 -1703 -1698 -1619 -1621 -1601 -1588 -1581 -1583 -1559 -1542 -1520 -1509 -1504 -1504 -1507 -1505 -1508 -1509 -1518 -1518 -1437 -1418 -1443 -1442 -1428 -1414 -1414 -1415 -1412 -1406 -1396 -1379 -1368 -1357 -1340 -1351 -1332 -1300 -1276 -1255 -1237 -1220 -1207 -1195 -1179 -1161 -1142 -1122 -1094 -1048 -982 -980 -976 -982 -1025 -1104 -1137 -1158 -1164 -1158 -1161 -1188 -1189 -1185 -1190 -1210 -1231 -1233 -1231 -1207 -1161 -1117 -1082
-1720 -1716 -1723 -1727 -1728 -1730 -1732 -1732 -1728 -1726 -1705 -1681 -1670 -1647 -1639 -1634 -1612 -1593 -1575 -1561 -1541 -1522 -1507 -1499 -1518 -1548 -1520 -1502 -1397 -1367 -1397 -1388 -1395 -1393 -1398 -1417 -1426 -1427 -1431 -1430 -1420 -1406 -1415 -1399 -1386 -1372 -1355 -1334 -1315 -1297 -1282 -1268 -1252 -1235 -1215 -1198 -1176 -1155 -1059 -1059 -1072 -1071 -1072 -1086 -1108 -1107 -1110 -1111 -1119 -1127 -1196 -1197 -1184 -1187 -1182 -1204 -1231 -1241 -1233 -1184 -1135 -1099
-1730 -1728 -1735 -1735 -1737 -1742 -1750 -1742 -1740 -1737 -1725 -1716 -1710 -1698 -1675 -1665 -1640 -1626 -1615 -1603 -1593 -1577 -1563 -1616 -1618 -1546 -1517 -1501 -1451 -1405 -1369 -1345 -1328 -1330 -1332 -1351 -1384 -1414 -1436 -1450 -1448 -1453 -1437 -1422 -1408 -1395 -1384 -1371 -1363 -1357 -1348 -1335 -1316 -1296 -1276 -1253 -1232 -1201 -1194 -1168 -1174 -1157 -1145 -1126 -1130 -1085 -1073 -1071 -1101 -1140 -1173 -1193 -1203 -1189 -1183 -1200 -1222 -1242 -1244 -1216 -1157 -1109
-1734 -1735 -1737 -1741 -1745 -1748 -1747 -1745 -1745 -1744 -1741 -1729 -1719 -1714 -1710 -1697 -1686 -1672 -1653 -1642 -1633 -1644 -1637 -1647 -1615 -1581 -1577 -1540 -1476 -1409 -1366 -1326 -1290 -1295 -1294 -1301 -1321 -1353 -1388 -1428 -1442 -1477 -1482 -1467 -1464 -1447 -1424 -1409 -1400 -1397 -1398 -1396 -1388 -1376 -1360 -1337 -1301 -1292 -1255 -1233 -1222 -1197 -1180 -1127 -1117 -1105 -1097 -1096 -1088 -1088 -1103 -1126 -1174 -1203 -1195 -1189 -1211 -1236 -1246 -1234 -1181 -1127
-1734 -1736 -1737 -1739 -1742 -1742 -1745 -1747 -1748 -1749 -1743 -1740 -1733 -1725 -1724 -1720 -1718 -1709 -1693 -1708 -1685 -1679 -1677 -1660 -1643 -1634 -1616 -1596 -1561 -1490 -1434 -1387 -1356 -1335 -1318 -1307 -1288 -1290 -1321 -1349 -1358 -1412 -1485 -1508 -1508 -1508 -1499 -1493 -1482 -1469 -1457 -1449 -1451 -1455 -1444 -1429 -1393 -1345 -1299 -1273 -1250 -1228 -1209 -1189 -1177 -1151 -1147 -1141 -1129 -1118 -1107 -1119 -1136 -1181 -1208 -1192 -1191 -1222 -1243 -1241 -1207 -1156
-1734 -1735 -1740 -1746 -1746 -1743 -1746 -1749 -1751 -1753 -1751 -1749 -1744 -1737 -1736 -1734 -1740 -1738 -1735 -1730 -1719 -1709 -1694 -1689 -1680 -1670 -1659 -1647 -1630 -1598 -1554 -1505 -1462 -1404 -1368 -1331 -1303 -1284 -1287 -1306 -1325 -1356 -1431 -1508 -1529 -1535 -1538 -1538 -1535 -1531 -1520 -1507 -1505 -1508 -1500 -1480 -1428 -1378 -1327 -1319 -1317 -1270 -1241 -1226 -1216 -1205 -1192 -1179 -1177 -1165 -1145 -1141 -1133 -1147 -1185 -1204 -1195 -1194 -1206 -1211 -1201 -1164
-1733 -1735 -1738 -1743 -1739 -1741 -1745 -1747 -1751 -1753 -1756 -1753 -1749 -1745 -1746 -1746 -1746 -1747 -1745 -1745 -1743 -1731 -1724 -1720 -1713 -1703 -1696 -1688 -1676 -1661 -1641 -1617 -1561 -1495 -1453 -1405 -1363 -1366 -1335 -1321 -1330 -1354 -1403 -1493 -1535 -1551 -1554 -1552 -1552 -1552 -1551 -1549 -1546 -1542 -1529 -1517 -1519 -1485 -1435 -1391 -1357 -1358 -1332 -1288 -1261 -1249 -1236 -1233 -1229 -1211 -1200 -1192 -1174 -1158 -1157 -1170 -1189 -1189 -1186 -1178 -1169 -1161
-1735 -1737 -1739 -1741 -1740 -1743 -1746 -1749 -1752 -1754 -1759 -1758 -1757 -1754 -1750 -1749 -1750 -1751 -1753 -1752 -1759 -1755 -1747 -1741 -1735 -1729 -1721 -1712 -1704 -1694 -1681 -1667 -1646 -1626 -1593 -1542 -1487 -1432 -1391 -1369 -1371 -1385 -1424 -1487 -1539 -1559 -1567 -1567 -1565 -1564 -1565 -1565 -1562 -1565 -1563 -1557 -1550 -1537 -1520 -1490 -1457 -1412 -1378 -1351 -1328 -1314 -1305 -1296 -1278 -1259 -1245 -1230 -1210 -1190 -1177 -1168 -1162 -1173 -1174 -1158 -1147 -1139
-1736 -1739 -1745 -1738 -1741 -1744 -1748 -1751 -1752 -1754 -1754 -1755 -1755 -1756 -1754 -1753 -1754 -1756 -1757 -1759 -1768 -1765 -1759 -1755 -1751 -1746 -1739 -1731 -1724 -1715 -1706 -1712 -1705 -1684 -1654 -1617 -1579 -1538 -1496 -1468 -1468 -1478 -1519 -1554 -1561 -1569 -1577 -1582 -1582 -1579 -1576 -1574 -1567 -1565 -1569 -1577 -1578 -1570 -1565 -1556 -1540 -1506 -1468 -1438 -1418 -1400 -1377 -1350 -1325 -1302 -1284 -1264 -1243 -1222 -1204 -1189 -1176 -1170 -1165 -1156 -1147 -1142
-1734 -1743 -1740 -1742 -1743 -1745 -1748 -1749 -1752 -1753 -1755 -1756 -1757 -1757 -1758 -1756 -1758 -1758 -1760 -1765 -1772 -1771 -1767 -1763 -1761 -1757 -1753 -1746 -1739 -1732 -1733 -1726 -1722 -1719 -1713 -1701 -1684 -1662 -1641 -1636 -1640 -1657 -1663 -1630 -1586 -1578 -1584 -1591 -1595 -1596 -1594 -1579 -1569 -1570 -1573 -1578 -1583 -1588 -1591 -1590 -1589 -1574 -1562 -1533 -1513 -1474 -1445 -1408 -1379 -1355 -1330 -1306 -1284 -1263 -1240 -1219 -1206 -1191 -1174 -1164 -1161 -1157
-1734 -1736 -1739 -1742 -1743 -1746 -1747 -1747 -1751 -1753 -1755 -1755 -1757 -1759 -1759 -1760 -1760 -1760 -1763 -1771 -1773 -1772 -1771 -1770 -1768 -1766 -1763 -1759 -1753 -1755 -1747 -1743 -1741 -1742 -1743 -1742 -1740 -1736 -1733 -1729 -1724 -1715 -1684 -1635 -1591 -1583 -1584 -1591 -1600 -1601 -1600 -1593 -1586 -1581 -1580 -1580 -1585 -1590 -1595 -1598 -1606 -1612 -1611 -1596 -1567 -1542 -1504 -1471 -1442 -1418 -1393 -1364 -1334 -1303 -1279 -1262 -1242 -1225 -1205 -1191 -1186 -1181
-1723 -1733 -1737 -1742 -1743 -1745 -1747 -1746 -1750 -1752 -1755 -1755 -1757 -1759 -1761 -1762 -1763 -1764 -1766 -1772 -1774 -1774 -1773 -1772 -1771 -1770 -1769 -1771 -1771 -1765 -1761 -1755 -1752 -1750 -1751 -1751 -1751 -1750 -1746 -1739 -1726 -1702 -1664 -1628 -1601 -1587 -1585 -1587 -1597 -1605 -1610 -1612 -1608 -1604 -1600 -1594 -1592 -1593 -1596 -1605 -1615 -1622 -1623 -1623 -1614 -1599 -1572 -1537 -1505 -1478 -1446 -1412 -1384 -1357 -1332 -1306 -1282 -1266 -1245 -1228 -1221 -1213
-1718 -1726 -1734 -1738 -1740 -1744 -1747 -1747 -1751 -1753 -1755 -1756 -1759 -1760 -1761 -1763 -1765 -1768 -1770 -1773 -1773 -1774 -1773 -1772 -1772 -1771 -1772 -1771 -1770 -1770 -1767 -1762 -1757 -1754 -1752 -1752 -1750 -1746 -1739 -1727 -1703 -1677 -1657 -1643 -1625 -1606 -1592 -1585 -1588 -1594 -1609 -1616 -1617 -1619 -1619 -1619 -1614 -1607 -1605 -1609 -1616 -1628 -1630 -1630 -1631 -1626 -1612 -1585 -1554 -1516 -1486 -1460 -1441 -1416 -1390 -1360 -1334 -1315 -1288 -1269 -1256 -1242
-1723 -1725 -1731 -1731 -1738 -1744 -1749 -1755 -1756 -1757 -1761 -1765 -1766 -1763 -1765 -1766 -1769 -1771 -1773 -1773 -1773 -1773 -1773 -1772 -1771 -1772 -1770 -1770 -1770 -1769 -1768 -1766 -1761 -1757 -1753 -1752 -1748 -1739 -1724 -1708 -1694 -1679 -1667 -1653 -1641 -1628 -1605 -1598 -1592 -1592 -1599 -1609 -1616 -1619 -1620 -1621 -1624 -1623 -1618 -1616 -1618 -1626 -1635 -1636 -1635 -1633 -1627 -1613 -1587 -1560 -1532 -1513 -1497 -1473 -1444 -1409 -1380 -1349 -1328 -1305 -1278 -1278
-1727 -1730 -1730 -1734 -1740 -1748 -1754 -1760 -1764 -1767 -1771 -1772 -1773 -1773 -1773 -1773 -1773 -1773 -1773 -1773 -1773 -1773 -1773 -1771 -1769 -1767 -1766 -1764 -1764 -1763 -1764 -1764 -1762 -1758 -1753 -1751 -1745 -1733 -1715 -1697 -1682 -1670 -1664 -1658 -1649 -1641 -1631 -1619 -1607 -1605 -1605 -1603 -1605 -1607 -1611 -1615 -1618 -1624 -1630 -1627 -1626 -1627 -1635 -1640 -1640 -1637 -1632 -1626 -1619 -1611 -1598 -1578 -1548 -1521 -1484 -1451 -1416 -1389 -1367 -1353 -1328 -1299
-1727 -1734 -1735 -1741 -1748 -1755 -1758 -1761 -1766 -1770 -1772 -1772 -1773 -1773 -1774 -1773 -1773 -1773 -1773 -1773 -1772 -1773 -1773 -1771 -1767 -1763 -1758 -1753 -1749 -1747 -1747 -1749 -1750 -1751 -1751 -1749 -1744 -1733 -1717 -1703 -1689 -1675 -1665 -1661 -1653 -1658 -1652 -1641 -1628 -1623 -1621 -1610 -1601 -1594 -1592 -1590 -1591 -1595 -1612 -1633 -1638 -1636 -1638 -1640 -1641 -1640 -1638 -1632 -1629 -1625 -1618 -1609 -1592 -1557 -1531 -1497 -1458 -1438 -1421 -1387 -1357 -1331
-1731 -1736 -1739 -1744 -1751 -1756 -1759 -1763 -1768 -1771 -1772 -1772 -1773 -1773 -1773 -1773 -1773 -1774 -1774 -1773 -1777 -1775 -1772 -1771 -1768 -1762 -1754 -1746 -1739 -1734 -1730 -1729 -1729 -1734 -1738 -1742 -1742 -1736 -1725 -1712 -1700 -1686 -1666 -1663 -1665 -1668 -1666 -1663 -1648 -1640 -1633 -1619 -1604 -1589 -1579 -1572 -1571 -1573 -1583 -1607 -1626 -1636 -1641 -1641 -1641 -1641 -1641 -1639 -1634 -1630 -1625 -1621 -1612 -1598 -1574 -1544 -1522 -1505 -1455 -1421 -1394 -1371
-1731 -1736 -1741 -1745 -1752 -1756 -1761 -1766 -1769 -1771 -1772 -1772 -1773 -1773 -1773 -1773 -1773 -1774 -1779 -1779 -1776 -1775 -1773 -1771 -1769 -1765 -1757 -1748 -1739 -1732 -1725 -1718 -1715 -1715 -1719 -1726 -1733 -1736 -1730 -1719 -1709 -1685 -1676 -1672 -1672 -1678 -1679 -1676 -1670 -1660 -1644 -1629 -1611 -1600 -1587 -1578 -1571 -1569 -1571 -1579 -1594 -1609 -1629 -1640 -1641 -1642 -1642 -1642 -1640 -1635 -1632 -1629 -1625 -1622 -1609 -1592 -1566 -1527 -1494 -1465 -1438 -1414
-1729 -1736 -1741 -1744 -1749 -1755 -1761 -1767 -1769 -1771 -1772 -1772 -1773 -1773 -1773 -1773 -1773 -1774 -1777 -1776 -1775 -1775 -1773 -1772 -1770 -1768 -1763 -1756 -1748 -1739 -1730 -1719 -1710 -1705 -1704 -1707 -1715 -1725 -1730 -1726 -1704 -1695 -1689 -1685 -1681 -1682 -1691 -1693 -1687 -1679 -1666 -1650 -1641 -1631 -1623 -1616 -1603 -1586 -1574 -1573 -1577 -1585 -1599 -1623 -1638 -1642 -1643 -1643 -1643 -1642 -1639 -1637 -1633 -1626 -1617 -1612 -1596 -1566 -1540 -1511 -1480 -1453
-1729 -1732 -1741 -1744 -1749 -1756 -1763 -1767 -1770 -1771 -1772 -1773 -1774 -1774 -1774 -1772 -1778 -1777 -1775 -1775 -1774 -1774 -1773 -1772 -1771 -1770 -1768 -1763 -1757 -1750 -1743 -1732 -1719 -1708 -1700 -1696 -1696 -1700 -1718 -1719 -1707 -1708 -1707 -1702 -1696 -1692 -1694 -1701 -1702 -1695 -1689 -1679 -1670 -1659 -1657 -1656 -1640 -1613 -1592 -1579 -1575 -1576 -1582 -1595 -1616 -1633 -1641 -1643 -1644 -1644 -1643 -1637 -1634 -1631 -1625 -1620 -1613 -1602 -1583 -1549 -1519 -1493
-1729 -1735 -1739 -1745 -1749 -1758 -1764 -1768 -1770 -1772 -1773 -1774 -1774 -1774 -1775 -1779 -1778 -1776 -1775 -1774 -1774 -1773 -1772 -1772 -1771 -1771 -1770 -1768 -1764 -1758 -1753 -1748 -1739 -1722 -1708 -1698 -1693 -1691 -1693 -1698 -1706 -1716 -1722 -1720 -1714 -1708 -1705 -1705 -1709 -1709 -1703 -1694 -1683 -1676 -1674 -1673 -1663 -1640 -1624 -1602 -1591 -1581 -1579 -1584 -1600 -1619 -1635 -1644 -1649 -1646 -1643 -1641 -1639 -1636 -1633 -1628 -1622 -1613 -1601 -1583 -1559 -1523
-1730 -1736 -1741 -1746 -1750 -1757 -1763 -1769 -1772 -1773 -1773 -1774 -1775 -1775 -1774 -1776 -1776 -1776 -1775 -1773 -1773 -1772 -1772 -1772 -1771 -1771 -1770 -1769 -1767 -1764 -1760 -1758 -1754 -1745 -1728 -1699 -1690 -1687 -1686 -1686 -1693 -1704 -1718 -1723 -1724 -1721 -1718 -1716 -1716 -1715 -1711 -1705 -1700 -1692 -1689 -1685 -1680 -1670 -1657 -1642 -1629 -1611 -1594 -1585 -1591 -1606 -1623 -1640 -1641 -1643 -1643 -1642 -1642 -1641 -1639 -1635 -1630 -1623 -1614 -1601 -1583 -1554
-1732 -1736 -1742 -1748 -1752 -1758 -1763 -1771 -1774 -1773 -1773 -1774 -1775 -1777 -1776 -1774 -1774 -1775 -1774 -1773 -1773 -1772 -1772 -1772 -1771 -1771 -1771 -1770 -1768 -1767 -1765 -1763 -1762 -1759 -1751 -1718 -1702 -1691 -1686 -1687 -1688 -1690 -1701 -1716 -1726 -1726 -1727 -1725 -1723 -1720 -1718 -1715 -1707 -1703 -1698 -1695 -1691 -1685 -1681 -1679 -1665 -1641 -1617 -1598 -1589 -1588 -1604 -1622 -1636 -1642 -1643 -1644 -1644 -1642 -1642 -1640 -1637 -1631 -1624 -1612 -1598 -1580
-1735 -1739 -1744 -1748 -1752 -1760 -1764 -1773 -1776 -1773 -1773 -1772 -1775 -1774 -1775 -1775 -1773 -1773 -1773 -1773 -1773 -1772 -1772 -1772 -1771 -1771 -1771 -1770 -1770 -1769 -1768 -1767 -1766 -1765 -1753 -1741 -1726 -1710 -1698 -1691 -1689 -1689 -1690 -1699 -1715 -1724 -1728 -1727 -1726 -1725 -1724 -1723 -1720 -1712 -1709 -1704 -1700 -1697 -1690 -1684 -1681 -1667 -1645 -1619 -1599 -1586 -1589 -1600 -1620 -1637 -1642 -1644 -1643 -1643 -1644 -1643 -1640 -1637 -1631 -1622 -1613 -1600
-1739 -1740 -1745 -1748 -1752 -1768 -1770 -1775 -1773 -1773 -1772 -1776 -1775 -1774 -1773 -1773 -1773 -1772 -1772 -1772 -1772 -1772 -1772 -1772 -1772 -1771 -1771 -1771 -1771 -1771 -1771 -1769 -1771 -1760 -1759 -1756 -1748 -1733 -1718 -1706 -1697 -1692 -1691 -1692 -1699 -1710 -1721 -1728 -1730 -1729 -1728 -1728 -1726 -1723 -1718 -1712 -1706 -1702 -1698 -1694 -1689 -1683 -1666 -1639 -1609 -1587 -1581 -1584 -1594 -1617 -1634 -1639 -1642 -1642 -1643 -1642 -1640 -1638 -1634 -1629 -1621 -1611
-1739 -1744 -1748 -1749 -1755 -1767 -1769 -1773 -1773 -1771 -1773 -1774 -1773 -1773 -1773 -1772 -1772 -1772 -1772 -1772 -1772 -1772 -1772 -1772 -1772 -1772 -1772 -1772 -1772 -1773 -1773 -1765 -1764 -1761 -1761 -1761 -1758 -1750 -1738 -1727 -1714 -1703 -1696 -1694 -1695 -1699 -1709 -1721 -1729 -1730 -1730 -1731 -1730 -1729 -1727 -1722 -1713 -1707 -1703 -1699 -1698 -1694 -1675 -1658 -1629 -1600 -1580 -1574 -1574 -1583 -1599 -1620 -1627 -1634 -1639 -1642 -1640 -1638 -1634 -1628 -1623 -1612
-1744 -1747 -1749 -1752 -1756 -1772 -1771 -1764 -1767 -1769 -1770 -1771 -1771 -1771 -1771 -1772 -1772 -1772 -1772 -1772 -1772 -1772 -1772 -1772 -1773 -1774 -1774 -1774 -1773 -1769 -1767 -1764 -1766 -1763 -1762 -1762 -1761 -1758 -1751 -1739 -1728 -1720 -1712 -1705 -1702 -1702 -1707 -1714 -1723 -1730 -1732 -1733 -1731 -1732 -1731 -1730 -1724 -1720 -1708 -1704 -1699 -1690 -1688 -1671 -1643 -1617 -1589 -1568 -1561 -1559 -1568 -1579 -1589 -1592 -1609 -1629 -1638 -1636 -1632 -1629 -1623 -1615
-1746 -1749 -1751 -1754 -1756 -1760 -1759 -1760 -1761 -1764 -1765 -1766 -1767 -1768 -1770 -1771 -1771 -1771 -1772 -1772 -1772 -1772 -1773 -1773 -1773 -1775 -1775 -1776 -1773 -1770 -1768 -1769 -1769 -1764 -1764 -1761 -1761 -1758 -1754 -1747 -1740 -1735 -1727 -1719 -1714 -1711 -1711 -1714 -1719 -1727 -1732 -1733 -1733 -1733 -1733 -1732 -1737 -1720 -1711 -1709 -1697 -1698 -1693 -1685 -1662 -1625 -1588 -1560 -1544 -1536 -1537 -1549 -1556 -1555 -1567 -1584 -1610 -1628 -1629 -1625 -1620 -1613
-1748 -1750 -1751 -1752 -1750 -1754 -1755 -1755 -1755 -1757 -1758 -1760 -1762 -1763 -1766 -1767 -1769 -1771 -1772 -1772 -1772 -1773 -1774 -1774 -1775 -1775 -1776 -1773 -1772 -1769 -1771 -1770 -1768 -1763 -1763 -1761 -1758 -1757 -1755 -1753 -1749 -1743 -1737 -1730 -1727 -1725 -1721 -1719 -1721 -1726 -1732 -1735 -1734 -1734 -1736 -1729 -1728 -1727 -1720 -1711 -1704 -1701 -1697 -1683 -1662 -1635 -1593 -1555 -1532 -1516 -1509 -1518 -1524 -1522 -1524 -1536 -1555 -1594 -1606 -1614 -1614 -1612
-1744 -1746 -1747 -1739 -1742 -1742 -1744 -1746 -1747 -1748 -1750 -1752 -1754 -1756 -1758 -1762 -1766 -1768 -1770 -1772 -1773 -1773 -1774 -1775 -1776 -1777 -1776 -1779 -1774 -1772 -1772 -1769 -1767 -1764 -1763 -1760 -1758 -1756 -1755 -1754 -1751 -1747 -1742 -1739 -1737 -1736 -1732 -1728 -1726 -1728 -1733 -1735 -1739 -1738 -1730 -1730 -1730 -1730 -1725 -1717 -1708 -1705 -1697 -1673 -1647 -1623 -1593 -1557 -1526 -1503 -1488 -1487 -1491 -1491 -1491 -1495 -1508 -1525 -1555 -1576 -1589 -1602
-1725 -1734 -1728 -1721 -1723 -1720 -1723 -1727 -1731 -1737 -1741 -1742 -1744 -1744 -1746 -1751 -1757 -1760 -1764 -1768 -1771 -1773 -1774 -1774 -1775 -1776 -1778 -1775 -1774 -1772 -1770 -1768 -1765 -1764 -1761 -1760 -1758 -1757 -1755 -1754 -1752 -1749 -1747 -1745 -1742 -1739 -1736 -1735 -1734 -1734 -1734 -1740 -1731 -1731 -1730 -1730 -1730 -1731 -1728 -1724 -1716 -1709 -1700 -1674 -1644 -1614 -1586 -1554 -1523 -1498 -1481 -1472 -1467 -1464 -1463 -1464 -1467 -1481 -1503 -1523 -1543 -1570
-1714 -1722 -1709 -1695 -1699 -1689 -1692 -1693 -1697 -1712 -1720 -1717 -1723 -1725 -1718 -1722 -1732 -1737 -1745 -1753 -1761 -1766 -1771 -1775 -1779 -1776 -1776 -1774 -1771 -1770 -1768 -1767 -1765 -1764 -1762 -1760 -1759 -1757 -1755 -1754 -1752 -1750 -1750 -1749 -1746 -1743 -1739 -1739 -1738 -1739 -1739 -1732 -1730 -1732 -1732 -1731 -1731 -1730 -1730 -1727 -1722 -1715 -1707 -1685 -1654 -1621 -1594 -1565 -1536 -1509 -1486 -1469 -1458 -1448 -1441 -1438 -1438 -1446 -1461 -1478 -1502 -1529
-1698 -1699 -1686 -1670 -1673 -1665 -1660 -1659 -1666 -1674 -1674 -1681 -1694 -1688 -1691 -1699 -1711 -1706 -1714 -1724 -1739 -1756 -1762 -1772 -1773 -1774 -1773 -1772 -1770 -1769 -1768 -1767 -1766 -1765 -1763 -1761 -1759 -1757 -1756 -1753 -1751 -1749 -1747 -1747 -1744 -1744 -1742 -1741 -1743 -1734 -1733 -1732 -1730 -1731 -1732 -1732 -1731 -1730 -1730 -1731 -1727 -1722 -1714 -1701 -1677 -1652 -1623 -1593 -1560 -1529 -1501 -1477 -1460 -1448 -1434 -1423 -1417 -1418 -1430 -1447 -1465 -1492
-1679 -1669 -1658 -1646 -1650 -1641 -1634 -1633 -1637 -1639 -1640 -1652 -1653 -1650 -1659 -1675 -1682 -1679 -1694 -1704 -1736 -1738 -1750 -1758 -1766 -1770 -1770 -1770 -1770 -1769 -1769 -1768 -1767 -1765 -1763 -1762 -1760 -1758 -1757 -1754 -1751 -1749 -1745 -1742 -1738 -1738 -1731 -1731 -1733 -1733 -1732 -1731 -1730 -1730 -1732 -1732 -1731 -1731 -1731 -1730 -1729 -1726 -1723 -1717 -1706 -1677 -1643 -1614 -1585 -1554 -1526 -1499 -1476 -1458 -1440 -1424 -1408 -1403 -1407 -1417 -1437 -1459
-1651 -1640 -1628 -1625 -1627 -1616 -1613 -1612 -1613 -1615 -1618 -1623 -1621 -1624 -1634 -1651 -1646 -1650 -1682 -1693 -1707 -1708 -1720 -1734 -1749 -1759 -1766 -1769 -1769 -1769 -1769 -1768 -1767 -1766 -1765 -1764 -1762 -1760 -1758 -1756 -1753 -1749 -1746 -1743 -1740 -1729 -1726 -1727 -1728 -1730 -1730 -1729 -1729 -1728 -1729 -1731 -1731 -1732 -1731 -1730 -1728 -1728 -1725 -1719 -1709 -1687 -1666 -1639 -1607 -1577 -1548 -1520 -1498 -1479 -1453 -1428 -1407 -1396 -1390 -1395 -1409 -1433
-1620 -1610 -1601 -1605 -1605 -1595 -1594 -1594 -1596 -1597 -1596 -1600 -1604 -1612 -1621 -1625 -1631 -1644 -1652 -1669 -1684 -1677 -1694 -1712 -1731 -1745 -1756 -1764 -1768 -1769 -1768 -1768 -1767 -1767 -1766 -1766 -1766 -1763 -1760 -1758 -1755 -1750 -1750 -1737 -1733 -1728 -1726 -1725 -1724 -1726 -1728 -1729 -1728 -1727 -1727 -1727 -1728 -1731 -1731 -1730 -1730 -1728 -1726 -1723 -1714 -1704 -1691 -1668 -1636 -1608 -1582 -1555 -1530 -1507 -1474 -1439 -1410 -1394 -1384 -1381 -1385 -1398
