gebco/gebco_2022_n33.7802_s32.3273_w-119.5189_e-116.992.asc
ncols        607
nrows        348
xllcorner    -119.520833333333
yllcorner    32.329166666667
cellsize     0.004166666667
NODATA_value -32767
[rows 222 to 258 of 348, columns 82 to 163 of 607]
-1023 -1037 -1050 -1065 -1082 -1099 -1117 -1142 -1229 -1247 -1240 -1257 -1276 -1300 -1327 -1353 -1380 -1408 -1441 -1474 -1500 -1506 -1514 -1526 -1537 -1546 -1554 -1561 -1571 -1579 -1588 -1596 -1603 -1611 -1621 -1632 -1633 -1633 -1634 -1636 -1637 -1637 -1635 -1632 -1632 -1631 -1626 -1614 -1606 -1600 -1598 -1602 -1605 -1623 -1632 -1639 -1654 -1665 -1671 -1679 -1683 -1692 -1690 -1690 -1699 -1703 -1703 -1703 -1702 -1701 -1699 -1692 -1687 -1683 -1676 -1670 -1657 -1643 -1628 -1612 -1601 -1594
-1012 -1024 -1034 -1047 -1064 -1083 -1101 -1122 -1152 -1152 -1240 -1246 -1268 -1297 -1324 -1351 -1381 -1409 -1439 -1470 -1490 -1501 -1509 -1520 -1529 -1538 -1544 -1550 -1560 -1566 -1573 -1584 -1595 -1608 -1620 -1632 -1633 -1633 -1632 -1636 -1638 -1642 -1633 -1632 -1632 -1632 -1629 -1625 -1617 -1604 -1593 -1588 -1589 -1597 -1604 -1617 -1629 -1642 -1656 -1661 -1671 -1681 -1679 -1682 -1693 -1698 -1695 -1691 -1690 -1692 -1688 -1686 -1681 -1676 -1667 -1660 -1652 -1631 -1623 -1610 -1599 -1590
-1006 -1012 -1019 -1030 -1047 -1065 -1085 -1106 -1122 -1121 -1187 -1236 -1260 -1289 -1314 -1338 -1364 -1389 -1416 -1444 -1472 -1493 -1505 -1516 -1523 -1527 -1534 -1544 -1551 -1556 -1563 -1575 -1591 -1606 -1619 -1625 -1629 -1630 -1631 -1634 -1636 -1633 -1633 -1632 -1632 -1630 -1630 -1629 -1625 -1615 -1596 -1582 -1575 -1576 -1581 -1590 -1607 -1623 -1636 -1640 -1653 -1660 -1668 -1676 -1675 -1677 -1682 -1677 -1670 -1668 -1677 -1665 -1668 -1668 -1660 -1645 -1648 -1631 -1613 -1601 -1593 -1586
-984 -990 -998 -1012 -1030 -1049 -1067 -1086 -1107 -1109 -1155 -1214 -1240 -1264 -1292 -1320 -1345 -1371 -1403 -1430 -1457 -1483 -1499 -1509 -1516 -1514 -1514 -1525 -1534 -1536 -1546 -1565 -1593 -1607 -1616 -1621 -1623 -1632 -1628 -1630 -1631 -1632 -1633 -1632 -1631 -1630 -1629 -1628 -1628 -1624 -1607 -1584 -1569 -1564 -1566 -1573 -1592 -1593 -1612 -1621 -1624 -1632 -1643 -1655 -1648 -1658 -1665 -1659 -1652 -1642 -1656 -1649 -1650 -1654 -1651 -1638 -1627 -1634 -1617 -1605 -1591 -1580
-942 -956 -970 -988 -1009 -1030 -1049 -1070 -1087 -1085 -1108 -1137 -1177 -1230 -1274 -1302 -1333 -1363 -1392 -1418 -1449 -1474 -1487 -1481 -1463 -1462 -1479 -1498 -1499 -1512 -1534 -1563 -1590 -1601 -1611 -1620 -1616 -1616 -1620 -1626 -1627 -1628 -1631 -1631 -1631 -1628 -1627 -1628 -1627 -1627 -1619 -1595 -1572 -1562 -1559 -1563 -1567 -1572 -1582 -1595 -1599 -1605 -1616 -1627 -1627 -1642 -1648 -1639 -1640 -1628 -1633 -1636 -1635 -1641 -1636 -1631 -1623 -1614 -1613 -1605 -1591 -1583
-896 -929 -944 -964 -983 -1005 -1026 -1043 -1039 -1061 -1085 -1109 -1134 -1161 -1200 -1257 -1317 -1354 -1383 -1419 -1451 -1460 -1439 -1413 -1417 -1431 -1457 -1462 -1476 -1502 -1532 -1557 -1582 -1594 -1599 -1603 -1604 -1605 -1612 -1615 -1618 -1625 -1627 -1629 -1629 -1626 -1625 -1625 -1626 -1625 -1624 -1617 -1587 -1567 -1557 -1556 -1555 -1558 -1563 -1571 -1575 -1583 -1597 -1598 -1607 -1623 -1631 -1624 -1628 -1619 -1617 -1620 -1620 -1622 -1625 -1618 -1612 -1606 -1602 -1599 -1587 -1577
-840 -882 -913 -941 -963 -982 -1002 -994 -1016 -1037 -1062 -1091 -1121 -1145 -1164 -1198 -1272 -1323 -1348 -1398 -1431 -1393 -1372 -1373 -1384 -1410 -1420 -1438 -1462 -1489 -1508 -1533 -1533 -1546 -1569 -1584 -1587 -1592 -1600 -1605 -1608 -1613 -1617 -1623 -1625 -1624 -1623 -1622 -1621 -1622 -1622 -1620 -1611 -1589 -1568 -1556 -1553 -1554 -1555 -1556 -1559 -1571 -1575 -1580 -1597 -1619 -1608 -1606 -1607 -1609 -1604 -1605 -1606 -1608 -1613 -1607 -1603 -1597 -1593 -1593 -1584 -1568
-787 -823 -866 -904 -936 -956 -951 -971 -991 -1016 -1047 -1073 -1092 -1114 -1141 -1181 -1247 -1297 -1343 -1379 -1348 -1324 -1331 -1339 -1360 -1393 -1400 -1411 -1436 -1455 -1484 -1499 -1502 -1525 -1549 -1555 -1560 -1568 -1583 -1591 -1591 -1590 -1594 -1600 -1608 -1611 -1617 -1615 -1614 -1617 -1618 -1619 -1619 -1612 -1594 -1573 -1558 -1554 -1553 -1553 -1554 -1556 -1560 -1568 -1589 -1599 -1586 -1594 -1592 -1596 -1594 -1596 -1595 -1598 -1601 -1600 -1593 -1589 -1588 -1582 -1574 -1565
-731 -767 -805 -844 -893 -931 -917 -941 -967 -998 -1019 -1037 -1063 -1094 -1118 -1150 -1214 -1265 -1299 -1306 -1286 -1292 -1301 -1321 -1348 -1350 -1357 -1377 -1399 -1437 -1464 -1460 -1483 -1507 -1525 -1524 -1534 -1550 -1563 -1576 -1572 -1575 -1579 -1582 -1589 -1598 -1602 -1604 -1604 -1608 -1612 -1616 -1617 -1616 -1610 -1595 -1576 -1560 -1555 -1554 -1553 -1554 -1556 -1561 -1574 -1586 -1578 -1582 -1583 -1591 -1587 -1587 -1587 -1590 -1591 -1590 -1586 -1581 -1577 -1574 -1564 -1553
-690 -718 -746 -792 -834 -819 -864 -910 -941 -963 -981 -1007 -1044 -1066 -1091 -1130 -1163 -1192 -1230 -1248 -1257 -1267 -1259 -1277 -1311 -1315 -1329 -1350 -1384 -1413 -1419 -1433 -1459 -1483 -1502 -1513 -1524 -1541 -1551 -1553 -1556 -1563 -1569 -1572 -1580 -1586 -1584 -1591 -1593 -1601 -1606 -1610 -1610 -1609 -1609 -1604 -1598 -1587 -1572 -1563 -1559 -1558 -1560 -1564 -1571 -1575 -1576 -1578 -1582 -1585 -1581 -1582 -1583 -1586 -1585 -1581 -1579 -1573 -1570 -1562 -1558 -1547
-652 -673 -717 -751 -767 -768 -808 -857 -895 -921 -950 -981 -1006 -1037 -1076 -1096 -1125 -1175 -1217 -1200 -1199 -1212 -1228 -1246 -1254 -1298 -1306 -1333 -1357 -1375 -1387 -1412 -1442 -1470 -1479 -1498 -1515 -1520 -1528 -1533 -1543 -1551 -1560 -1567 -1572 -1573 -1569 -1576 -1582 -1590 -1596 -1600 -1600 -1600 -1599 -1598 -1597 -1594 -1589 -1585 -1579 -1576 -1577 -1577 -1577 -1577 -1578 -1579 -1582 -1584 -1580 -1578 -1579 -1580 -1577 -1572 -1573 -1567 -1559 -1551 -1547 -1538
-617 -648 -690 -703 -697 -730 -771 -800 -831 -871 -910 -938 -974 -1028 -1031 -1045 -1077 -1125 -1160 -1153 -1168 -1181 -1197 -1208 -1224 -1244 -1285 -1309 -1325 -1340 -1373 -1409 -1433 -1431 -1455 -1484 -1490 -1493 -1503 -1514 -1521 -1538 -1540 -1550 -1556 -1555 -1549 -1562 -1568 -1571 -1580 -1584 -1587 -1588 -1588 -1589 -1589 -1588 -1589 -1589 -1588 -1586 -1586 -1585 -1586 -1584 -1583 -1581 -1582 -1583 -1576 -1573 -1574 -1573 -1570 -1563 -1567 -1557 -1553 -1543 -1537 -1531
-594 -631 -649 -661 -665 -699 -725 -749 -784 -830 -872 -927 -979 -980 -962 -994 -1047 -1078 -1066 -1099 -1138 -1148 -1162 -1171 -1195 -1215 -1232 -1303 -1305 -1342 -1367 -1373 -1372 -1404 -1443 -1458 -1454 -1461 -1481 -1490 -1508 -1520 -1529 -1535 -1540 -1532 -1529 -1544 -1545 -1549 -1562 -1564 -1573 -1572 -1575 -1576 -1579 -1582 -1583 -1584 -1582 -1579 -1580 -1582 -1585 -1584 -1581 -1578 -1577 -1577 -1568 -1565 -1563 -1561 -1559 -1554 -1553 -1547 -1546 -1535 -1531 -1524
-576 -605 -608 -611 -644 -669 -697 -734 -750 -812 -848 -890 -933 -906 -945 -988 -1027 -1026 -1063 -1090 -1094 -1108 -1127 -1145 -1169 -1190 -1216 -1264 -1284 -1315 -1311 -1317 -1353 -1390 -1395 -1415 -1412 -1432 -1456 -1470 -1500 -1508 -1516 -1522 -1524 -1506 -1519 -1516 -1520 -1533 -1536 -1546 -1558 -1554 -1559 -1561 -1566 -1567 -1568 -1569 -1565 -1566 -1566 -1570 -1578 -1574 -1572 -1568 -1566 -1563 -1559 -1557 -1552 -1550 -1549 -1545 -1540 -1537 -1538 -1529 -1522 -1519
-553 -565 -588 -580 -631 -652 -678 -708 -739 -769 -813 -865 -913 -884 -941 -959 -959 -1000 -1036 -1030 -1039 -1061 -1072 -1110 -1135 -1162 -1211 -1232 -1235 -1244 -1277 -1302 -1331 -1329 -1362 -1364 -1381 -1414 -1427 -1456 -1481 -1493 -1503 -1511 -1507 -1480 -1504 -1496 -1498 -1511 -1518 -1522 -1537 -1533 -1540 -1543 -1546 -1548 -1548 -1547 -1545 -1545 -1547 -1553 -1565 -1555 -1557 -1556 -1555 -1549 -1544 -1551 -1540 -1540 -1537 -1533 -1530 -1526 -1527 -1519 -1514 -1511
-515 -534 -588 -602 -618 -635 -653 -669 -701 -758 -810 -785 -837 -870 -879 -894 -935 -968 -968 -978 -1004 -1026 -1045 -1059 -1103 -1142 -1184 -1176 -1189 -1188 -1227 -1267 -1279 -1316 -1320 -1323 -1366 -1392 -1392 -1435 -1458 -1468 -1486 -1496 -1468 -1479 -1467 -1473 -1478 -1486 -1498 -1502 -1516 -1512 -1521 -1522 -1523 -1527 -1527 -1525 -1522 -1523 -1526 -1532 -1545 -1535 -1541 -1543 -1542 -1540 -1531 -1535 -1528 -1527 -1524 -1520 -1519 -1518 -1516 -1511 -1507 -1501
-488 -512 -630 -655 -665 -666 -662 -663 -692 -735 -764 -761 -787 -803 -821 -858 -901 -900 -915 -940 -963 -987 -1012 -1037 -1066 -1107 -1144 -1112 -1139 -1155 -1207 -1214 -1234 -1274 -1265 -1300 -1351 -1339 -1360 -1420 -1407 -1429 -1450 -1462 -1439 -1455 -1444 -1453 -1458 -1467 -1474 -1485 -1494 -1494 -1503 -1499 -1500 -1503 -1504 -1502 -1500 -1501 -1504 -1511 -1512 -1516 -1523 -1528 -1525 -1524 -1518 -1517 -1514 -1513 -1511 -1509 -1508 -1505 -1504 -1500 -1499 -1494
-463 -572 -613 -623 -628 -634 -633 -641 -671 -695 -709 -711 -726 -745 -781 -833 -827 -846 -873 -898 -926 -954 -984 -1012 -1047 -1085 -1077 -1079 -1095 -1146 -1154 -1166 -1197 -1194 -1212 -1297 -1301 -1303 -1348 -1356 -1372 -1391 -1408 -1401 -1424 -1412 -1422 -1427 -1437 -1447 -1455 -1465 -1474 -1476 -1481 -1482 -1482 -1484 -1484 -1482 -1479 -1478 -1481 -1486 -1490 -1494 -1500 -1503 -1505 -1505 -1502 -1500 -1499 -1499 -1497 -1495 -1494 -1495 -1492 -1490 -1490 -1484
-431 -450 -446 -414 -529 -528 -559 -594 -623 -638 -656 -651 -673 -702 -752 -765 -774 -802 -826 -856 -890 -924 -955 -983 -1013 -1033 -1026 -1041 -1079 -1105 -1104 -1143 -1157 -1167 -1221 -1250 -1268 -1271 -1277 -1294 -1308 -1325 -1341 -1370 -1382 -1384 -1394 -1404 -1415 -1425 -1433 -1447 -1451 -1457 -1464 -1468 -1469 -1469 -1468 -1467 -1463 -1461 -1462 -1464 -1470 -1473 -1478 -1482 -1485 -1486 -1485 -1484 -1484 -1483 -1482 -1481 -1481 -1482 -1481 -1481 -1483 -1472
-332 -343 -362 -402 -452 -480 -510 -534 -553 -574 -603 -599 -628 -661 -692 -699 -720 -751 -783 -818 -856 -889 -922 -956 -971 -973 -994 -1010 -1022 -1049 -1081 -1113 -1122 -1158 -1195 -1166 -1193 -1216 -1223 -1242 -1266 -1282 -1311 -1349 -1341 -1353 -1365 -1380 -1390 -1400 -1411 -1425 -1427 -1438 -1447 -1454 -1459 -1462 -1464 -1462 -1459 -1455 -1454 -1454 -1454 -1455 -1459 -1462 -1465 -1469 -1469 -1468 -1468 -1467 -1466 -1466 -1466 -1466 -1468 -1468 -1464 -1459
-299 -316 -338 -352 -369 -438 -459 -462 -467 -483 -519 -555 -585 -610 -626 -644 -675 -706 -743 -782 -813 -856 -894 -907 -915 -936 -963 -978 -997 -1027 -1069 -1068 -1104 -1140 -1133 -1122 -1171 -1152 -1168 -1189 -1223 -1251 -1296 -1301 -1302 -1313 -1330 -1345 -1360 -1372 -1388 -1395 -1406 -1417 -1428 -1436 -1445 -1454 -1462 -1464 -1461 -1456 -1454 -1453 -1452 -1452 -1452 -1453 -1454 -1455 -1456 -1454 -1454 -1453 -1452 -1451 -1451 -1451 -1452 -1451 -1448 -1446
-232 -251 -285 -312 -333 -352 -375 -406 -427 -447 -478 -515 -540 -557 -573 -600 -638 -674 -706 -736 -792 -826 -832 -845 -877 -907 -926 -931 -974 -1008 -1013 -1048 -1081 -1087 -1082 -1083 -1130 -1115 -1134 -1151 -1177 -1238 -1252 -1248 -1260 -1274 -1291 -1308 -1324 -1325 -1344 -1368 -1380 -1392 -1404 -1415 -1426 -1435 -1446 -1454 -1460 -1460 -1458 -1459 -1454 -1453 -1452 -1452 -1453 -1452 -1451 -1450 -1449 -1446 -1444 -1441 -1440 -1438 -1437 -1435 -1435 -1433
-139 -151 -191 -238 -273 -308 -335 -349 -367 -397 -429 -459 -484 -501 -526 -562 -598 -632 -679 -739 -757 -754 -773 -809 -839 -857 -863 -920 -943 -953 -997 -1032 -1038 -1035 -1037 -1049 -1086 -1081 -1105 -1133 -1144 -1170 -1215 -1206 -1220 -1234 -1252 -1272 -1290 -1300 -1303 -1316 -1353 -1359 -1374 -1387 -1400 -1411 -1422 -1433 -1444 -1452 -1457 -1461 -1467 -1469 -1469 -1466 -1462 -1458 -1455 -1452 -1450 -1449 -1445 -1441 -1436 -1434 -1431 -1427 -1425 -1423
-118 -118 -122 -128 -179 -238 -263 -282 -313 -343 -375 -410 -423 -452 -487 -520 -553 -604 -675 -683 -681 -702 -737 -771 -797 -809 -858 -881 -902 -945 -975 -986 -980 -995 -1000 -1036 -1030 -1054 -1083 -1098 -1121 -1123 -1162 -1175 -1179 -1194 -1212 -1211 -1237 -1253 -1261 -1277 -1291 -1308 -1343 -1357 -1372 -1386 -1398 -1411 -1423 -1436 -1448 -1457 -1463 -1470 -1475 -1480 -1481 -1480 -1476 -1471 -1467 -1463 -1458 -1450 -1444 -1436 -1431 -1427 -1423 -1420
-114 -113 -114 -114 -116 -140 -158 -199 -248 -285 -317 -344 -373 -403 -433 -473 -527 -617 -598 -608 -681 -705 -735 -746 -761 -794 -819 -850 -886 -916 -931 -934 -941 -952 -981 -981 -1000 -1029 -1054 -1072 -1081 -1097 -1124 -1118 -1148 -1157 -1156 -1176 -1198 -1206 -1221 -1236 -1252 -1269 -1285 -1325 -1340 -1356 -1371 -1383 -1399 -1414 -1427 -1440 -1453 -1463 -1471 -1478 -1482 -1486 -1491 -1489 -1489 -1488 -1484 -1475 -1467 -1456 -1447 -1436 -1429 -1424
-107 -109 -110 -109 -109 -110 -112 -130 -170 -217 -256 -288 -318 -340 -386 -443 -544 -507 -528 -560 -594 -650 -677 -706 -759 -765 -789 -833 -853 -872 -885 -884 -902 -936 -934 -944 -973 -1003 -1018 -1037 -1049 -1073 -1085 -1082 -1092 -1107 -1123 -1153 -1156 -1170 -1185 -1198 -1214 -1231 -1246 -1262 -1317 -1323 -1337 -1355 -1370 -1386 -1401 -1415 -1430 -1444 -1456 -1468 -1478 -1486 -1490 -1491 -1492 -1492 -1492 -1491 -1490 -1487 -1478 -1468 -1457 -1445
-99 -103 -103 -104 -105 -106 -106 -108 -115 -142 -184 -220 -252 -298 -365 -463 -428 -448 -486 -514 -534 -588 -598 -668 -656 -688 -820 -809 -820 -831 -839 -847 -869 -888 -896 -916 -944 -963 -989 -1007 -1027 -1057 -1048 -1050 -1061 -1076 -1096 -1108 -1123 -1136 -1149 -1162 -1176 -1191 -1206 -1222 -1239 -1257 -1302 -1321 -1339 -1356 -1371 -1388 -1403 -1418 -1436 -1449 -1463 -1474 -1482 -1490 -1491 -1492 -1492 -1492 -1493 -1491 -1491 -1489 -1486 -1480
-97 -97 -97 -98 -100 -101 -102 -103 -105 -107 -118 -146 -195 -281 -348 -343 -367 -405 -424 -447 -472 -505 -526 -565 -601 -642 -706 -720 -740 -760 -783 -829 -840 -851 -864 -888 -911 -934 -957 -984 -1010 -1032 -1016 -1022 -1035 -1048 -1067 -1078 -1088 -1101 -1113 -1127 -1140 -1153 -1166 -1182 -1198 -1214 -1231 -1284 -1295 -1313 -1332 -1352 -1371 -1388 -1407 -1425 -1439 -1454 -1465 -1475 -1481 -1486 -1488 -1492 -1492 -1493 -1492 -1492 -1491 -1491
-89 -89 -90 -93 -95 -96 -96 -97 -99 -101 -102 -115 -167 -255 -267 -276 -309 -340 -361 -385 -417 -458 -495 -511 -536 -575 -599 -620 -658 -684 -700 -706 -772 -837 -851 -868 -892 -913 -937 -966 -981 -999 -980 -989 -1006 -1024 -1037 -1046 -1059 -1070 -1081 -1092 -1104 -1116 -1127 -1140 -1154 -1170 -1187 -1204 -1220 -1269 -1278 -1297 -1319 -1341 -1365 -1388 -1406 -1422 -1437 -1451 -1460 -1468 -1477 -1484 -1488 -1492 -1493 -1493 -1493 -1492
-75 -76 -74 -80 -88 -92 -93 -93 -94 -95 -97 -106 -132 -159 -157 -194 -231 -258 -287 -324 -372 -412 -453 -479 -472 -554 -582 -608 -634 -658 -675 -692 -719 -740 -769 -813 -852 -864 -900 -946 -962 -964 -954 -967 -982 -1000 -1007 -1014 -1030 -1038 -1050 -1062 -1073 -1083 -1093 -1103 -1115 -1129 -1144 -1159 -1174 -1191 -1237 -1251 -1270 -1289 -1310 -1337 -1359 -1377 -1394 -1410 -1424 -1435 -1448 -1460 -1468 -1476 -1483 -1488 -1492 -1492
-69 -72 -71 -74 -78 -82 -83 -87 -90 -91 -91 -93 -96 -99 -104 -118 -134 -164 -220 -292 -330 -372 -409 -417 -419 -425 -526 -570 -597 -612 -631 -660 -690 -719 -759 -806 -838 -857 -873 -882 -887 -902 -951 -955 -967 -975 -980 -989 -1000 -1007 -1017 -1030 -1043 -1054 -1064 -1073 -1083 -1095 -1108 -1121 -1136 -1153 -1172 -1225 -1232 -1249 -1267 -1286 -1305 -1325 -1341 -1357 -1368 -1379 -1394 -1407 -1420 -1434 -1445 -1456 -1465 -1473
-71 -77 -77 -76 -68 -64 -65 -77 -87 -88 -89 -89 -90 -92 -95 -96 -98 -110 -185 -235 -266 -304 -330 -339 -358 -382 -454 -483 -472 -515 -617 -640 -665 -700 -745 -782 -801 -821 -836 -846 -860 -880 -895 -904 -960 -963 -967 -974 -980 -990 -997 -1005 -1011 -1022 -1038 -1047 -1056 -1068 -1079 -1091 -1105 -1122 -1138 -1155 -1170 -1210 -1227 -1246 -1263 -1280 -1295 -1309 -1320 -1328 -1339 -1352 -1366 -1380 -1394 -1407 -1420 -1433
-80 -81 -80 -79 -76 -73 -70 -73 -77 -80 -82 -85 -86 -86 -88 -91 -94 -97 -110 -150 -216 -242 -244 -263 -293 -328 -358 -376 -463 -476 -488 -527 -557 -631 -652 -682 -717 -797 -814 -826 -839 -855 -873 -883 -888 -894 -905 -921 -936 -945 -988 -993 -993 -1002 -1012 -1021 -1028 -1039 -1049 -1063 -1077 -1091 -1106 -1122 -1137 -1154 -1172 -1209 -1226 -1241 -1254 -1267 -1277 -1285 -1295 -1306 -1317 -1331 -1342 -1356 -1370 -1383
-84 -81 -81 -79 -78 -77 -71 -62 -56 -56 -62 -69 -78 -82 -83 -84 -88 -92 -94 -99 -108 -119 -140 -176 -221 -268 -305 -346 -367 -394 -441 -464 -505 -558 -583 -642 -675 -704 -732 -760 -780 -791 -824 -833 -852 -869 -884 -901 -916 -922 -933 -943 -989 -988 -992 -1002 -1009 -1016 -1029 -1040 -1051 -1061 -1076 -1091 -1105 -1122 -1139 -1157 -1196 -1206 -1219 -1231 -1238 -1245 -1255 -1266 -1277 -1289 -1302 -1314 -1326 -1339
-82 -81 -81 -78 -78 -77 -75 -72 -69 -63 -54 -52 -62 -72 -78 -81 -82 -84 -88 -91 -93 -95 -98 -102 -124 -174 -226 -270 -312 -339 -372 -444 -486 -528 -566 -604 -641 -673 -706 -733 -756 -778 -797 -813 -825 -838 -851 -864 -876 -888 -900 -911 -921 -930 -941 -997 -1003 -1007 -1011 -1014 -1026 -1034 -1046 -1060 -1076 -1093 -1111 -1127 -1143 -1179 -1190 -1198 -1207 -1213 -1222 -1233 -1243 -1254 -1264 -1277 -1290 -1303
-82 -81 -81 -80 -79 -77 -75 -71 -67 -62 -52 -42 -48 -59 -69 -76 -77 -80 -83 -85 -87 -90 -92 -95 -98 -113 -160 -213 -250 -280 -309 -408 -454 -495 -528 -564 -604 -638 -674 -701 -728 -754 -774 -789 -803 -818 -830 -842 -857 -869 -878 -884 -891 -899 -909 -918 -927 -939 -954 -995 -999 -1005 -1019 -1031 -1047 -1064 -1082 -1099 -1115 -1129 -1166 -1172 -1178 -1185 -1195 -1203 -1214 -1222 -1232 -1243 -1255 -1267
-84 -82 -81 -80 -79 -77 -74 -70 -62 -55 -47 -37 -40 -49 -60 -70 -72 -75 -78 -81 -83 -85 -87 -90 -93 -97 -108 -140 -183 -222 -261 -298 -356 -351 -411 -435 -515 -543 -591 -618 -642 -663 -701 -779 -785 -797 -810 -824 -837 -847 -854 -857 -863 -881 -897 -901 -907 -922 -935 -983 -974 -981 -990 -1004 -1021 -1038 -1056 -1073 -1088 -1103 -1117 -1129 -1141 -1160 -1167 -1176 -1184 -1194 -1205 -1215 -1226 -1237
